					
#					
#	POINT	1	[pressure	head	cm]
#					
#					
#					
#	Obs	Obs	Obs		
0.1	-878	-920		0	
5	-862	-806		0	
10	-859	-791		0.003537318712	
15	-859	-782		0.007074637425	
20	-860	-780		0.007074637425	
25	-861	-783		0.01414927485	
30	-861	-786		0.01414927485	
35	-862	-789		0.01768659356	
40	-862	-791		0.01768659356	
45	-863	-790		0.02122391227	
50	-863	-789		0.02476123099	
55	-863	-789		0.0282985497	
60	-863	-788		0.0282985497	
65	-863	-789		0.0282985497	
70	-863	-789		0.03183586841	
75	-863	-790		0.03183586841	
80	-863	-791		0.03537318712	
85	-863	-792		0.03537318712	
90	-863	-793		0.03537318712	
95	-864	-795		0.03891050584	
100	-864	-796		0.04244782455	
105	-863	-797		0.04598514326	
110	-851	-798		0.04598514326	
115	-795	-800		0.04598514326	
120	-62	-801		0.04952246197	
125	-38.3	-802		0.04952246197	
130	-32.9	-803		0.04952246197	
135	-29.5	-804		0.05305978069	
140	-26.7	-804		0.05305978069	
145	-24.9	-805		0.05305978069	
150	-23.2	-806		0.05305978069	
155	-21.9	-807		0.0565970994	
160	-21	-807		0.0565970994	
165	-20	-808		0.0565970994	
170	-19.1	-809		0.0565970994	
175	-18.3	-809		0.0565970994	
180	-17.6	-810		0.06013441811	
185	-16.9	-808		0.06013441811	
190	-16	-800		0.06013441811	
195	-15.3	-781		0.06367173682	
200	-14.9	-745		0.06367173682	
205	-14.4	-668		0.06367173682	
210	-14.2	-476		0.06367173682	
215	-13.5	-155		0.06367173682	
220	-13.5	-46.7		0.06720905554	
225	-13.2	-35.5		0.06720905554	
230	-13	-31.8		0.06720905554	
235	-13	-29		0.06720905554	
240	-12.4	-26.7		0.06720905554	
245	-12.2	-24.7		0.06720905554	
250	-11.8	-22.8		0.06720905554	
255	-11.1	-20.4		0.06720905554	
260	-10.3	-17.5		0.06720905554	
265	-3.24	0.798		0.06720905554	
270	72.4	-6.11		0.06720905554	
275	-21.7	-18.5		0.07074637425	
280	-22.4	-19.1		0.09197028652	
285	-22.3	-18.8		0.208701804	
290	0.863	-36.3		0.3148213654	
295	0.266	-18.1		0.4209409268	
300	-3.66	-17.1		0.5270604881	
305	-8.26	-16.7		0.6331800495	
310	-11.6	-16.7		0.7392996109	
315	-14.1	-16.8		0.8454191723	
320	-15.2	-16.8		0.9515387336	
325	-15.8	-16.9		1.057658295	
330	-15.3	-16.6		1.163777856	
335	-16	-16.8		1.269897418	
340	-16.1	-16.9		1.376016979	
345	-16.2	-17.1		1.482136541	
350	-16.4	-17.2		1.588256102	
355	-16.1	-17.2		1.694375663	
360	-16.1	-16.9		1.800495225	
365	-16.1	-16.9		1.906614786	
370	-16.1	-16.9		2.012734347	
375	-16.2	-17		2.118853909	
380	-16.2	-17		2.22497347	
385	-16.3	-17.1		2.331093031	
390	-16.4	-17.1		2.437212593	
395	-16.6	-17.3		2.543332154	
400	-16.7	-17.5		2.649451716	
405	-16.4	-17.4		2.755571277	
410	-16.2	-17.2		2.861690838	
415	-16	-17.1		2.9678104	
420	-16.3	-17.2		3.073929961	
425	-16.3	-17.2		3.180049522	
430	-16.3	-17.2		3.286169084	
435	-16.4	-17.3		3.392288645	
440	-16.7	-17.4		3.498408207	
445	-17.2	-18.1		3.604527768	
450	-17	-18.1		3.710647329	
455	-17	-17.9		3.816766891	
460	-17	-17.9		3.922886452	
465	-17	-17.9		4.029006013	
470	-17.1	-17.9		4.135125575	
475	-17.1	-18		4.241245136	
480	-17.2	-18.1		4.347364698	
485	-17.5	-18.2		4.453484259	
490	-17.4	-18.4		4.55960382	
495	-17.1	-18.2		4.665723382	
500	-17.3	-18.1		4.771842943	
505	-17.3	-18		4.877962504	
510	-17.2	-18.1		4.984082066	
515	-17.1	-18.1		5.090201627	
520	-17.3	-18.1		5.196321189	
525	-17.6	-18.2		5.30244075	
530	-17.1	-18.3		5.408560311	
535	-17.4	-18.2		5.514679873	
540	-17.2	-17.9		5.620799434	
545	-17.4	-18.1		5.726918995	
550	-17.3	-18.2		5.833038557	
555	-17.3	-18.1		5.939158118	
560	-17.3	-18.1		6.04527768	
565	-17.5	-18.3		6.151397241	
570	-17.6	-18.5		6.257516802	
575	-17.3	-18.4		6.363636364	
580	-17.3	-18.1		6.469755925	
585	-17.4	-18.1		6.575875486	
590	-17.4	-18.1		6.681995048	
595	-17.3	-18		6.788114609	
600	-17.3	-18.2		6.89423417	
605	-17.5	-18.2		7.000353732	
610	-17.5	-18.2		7.106473293	
615	-17.1	-18.3		7.212592855	
620	-17.2	-18.2		7.318712416	
625	-17.2	-17.9		7.424831977	
630	-17.3	-18		7.530951539	
635	-17.4	-18		7.6370711	
640	-17.4	-18.1		7.743190661	
645	-17.3	-18		7.849310223	
650	-17.4	-18.1		7.955429784	
655	-17.3	-18.2		8.061549346	
660	-17.1	-18		8.167668907	
665	-16.3	-17.6		8.273788468	
670	-16.9	-17.7		8.37990803	
675	-16.8	-17.7		8.486027591	
680	-16.8	-17.6		8.592147152	
685	-16.7	-17.6		8.698266714	
690	-16.7	-17.6		8.804386275	
695	-16.9	-17.8		8.910505837	
700	-16.9	-17.8		9.016625398	
705	-16.6	-17.6		9.122744959	
710	-16.3	-17.4		9.228864521	
715	-16.5	-17.4		9.334984082	
720	-16.5	-17.5		9.441103643	
725	-16.5	-17.5		9.547223205	
730	-16.5	-17.5		9.653342766	
735	-16.5	-17.5		9.759462328	
740	-16.7	-17.6		9.865581889	
745	-16.5	-17.7		9.97170145	
750	-16.3	-17.5		10.07782101	
755	-16.2	-17.3		10.18394057	
760	-16.2	-17.2		10.29006013	
765	-16.1	-17.3		10.3961797	
770	-16.2	-17.2		10.50229926	
775	-16.2	-17.3		10.60841882	
780	-16.5	-17.4		10.71453838	
785	-16.5	-17.5		10.82065794	
790	-16.3	-17.6		10.9267775	
795	-16.2	-17.4		11.03289706	
800	-16.1	-17.2		11.13901663	
805	-16	-17.2		11.24513619	
810	-16.1	-17.1		11.35125575	
815	-15.9	-17.1		11.45737531	
820	-15.6	-17.1		11.56349487	
825	-16.1	-17.2		11.66961443	
830	-16.2	-17.4		11.77573399	
835	-16	-17.5		11.88185356	
840	-16	-17.3		11.98797312	
845	-15.9	-17.1		12.09409268	
850	-15.8	-17		12.20021224	
855	-15.9	-17.1		12.3063318	
860	-15.9	-17.1		12.41245136	
865	-15.9	-17.1		12.51857092	
870	-15.9	-17.1		12.62469048	
875	-16	-17.2		12.73081005	
880	-16.2	-17.4		12.83692961	
885	-16	-17.4		12.94304917	
890	-15.9	-17.1		13.04916873	
895	-15.9	-17		13.15528829	
900	-15.7	-17		13.26140785	
905	-15.8	-17		13.36752741	
910	-15.6	-17		13.47364698	
915	-15.8	-17		13.57976654	
920	-15.9	-17		13.6858861	
925	-16.1	-17.2		13.79200566	
930	-16	-17.3		13.89812522	
935	-15.7	-17.1		14.00424478	
940	-15.7	-16.9		14.11036434	
945	-15.5	-16.9		14.21648391	
950	-13.7	-16.4		14.32260347	
955	-16.2	-17		14.42872303	
960	-15.8	-17		14.53484259	
965	-15.7	-17		14.64096215	
970	-14.8	-16.8		14.74708171	
975	-15.9	-17.3		14.85320127	
980	-15.8	-17.3		14.95932083	
985	-15.7	-16.8		15.0654404	
990	-15.6	-16.8		15.17155996	
995	-15.5	-16.9		15.27767952	
1000	-15.7	-16.6		15.38379908	
1010	-14.8	-16.9		15.48991864	
1010	-15.7	-17		15.5960382	
1020	-15.7	-17.2		15.70215776	
1020	-15.8	-17		15.80827733	
1030	-15.6	-16.9		15.91439689	
1030	-15.5	-16.8		16.02051645	
1040	-15.5	-16.8		16.12663601	
1040	-15.5	-16.8		16.23275557	
1050	-15.4	-16.8		16.33887513	
1050	-15.4	-16.8		16.44499469	
1060	-15.4	-16.8		16.55111426	
1060	-15.5	-16.9		16.65723382	
1070	-15.6	-17.1		16.76335338	
1070	-15.5	-16.9		16.86947294	
1080	-15.5	-16.7		16.9755925	
1080	-15.4	-16.6		17.08171206	
1090	-15.3	-16.7		17.18783162	
1090	-15.3	-16.7		17.29395119	
1100	-15.3	-17		17.40007075	
1100	-15.6	-17		17.50619031	
1110	-15.6	-17.1		17.61230987	
1110	-15.7	-17.2		17.71842943	
1120	-15.8	-17.3		17.82454899	
1120	-16	-17		17.93066855	
1130	-15.6	-16.8		18.03678811	
1130	-15.5	-16.8		18.14290768	
1140	-15.5	-16.8		18.24902724	
1140	-15.5	-16.8		18.3551468	
1150	-15.5	-16.8		18.46126636	
1150	-15.5	-16.9		18.56738592	
1160	-15.5	-17		18.67350548	
1160	-15.7	-17.3		18.77962504	
1170	-16	-17.2		18.88574461	
1170	-15.9	-17		18.99186417	
1180	-15.9	-16.9		19.09798373	
1180	-15.7	-16.8		19.20410329	
1190	-15.5	-16.9		19.31022285	
1190	-15.5	-16.7		19.41634241	
1200	-15.4	-16.8		19.52246197	
1200	-15.2	-16.8		19.62858154	
1210	-15.5	-16.9		19.7347011	
1210	-15.5	-17.2		19.84082066	
1220	-15.9	-17.1		19.94694022	
1220	-16	-16.9		20.05305978	
1230	-15.7	-16.7		20.15917934	
1230	-15.3	-16.6		20.2652989	
1240	-15.2	-16.6		20.37141846	
1240	-15.2	-16.6		20.47753803	
1250	-15.2	-16.6		20.58365759	
1250	-15.2	-16.6		20.68977715	
1260	-15.2	-16.6		20.79589671	
1260	-15.2	-16.8		20.90201627	
1270	-15	-16.9		21.00813583	
1270	-15.6	-16.6		21.11425539	
1280	-15.2	-16.4		21.22037496	
1280	-15.1	-16.3		21.32649452	
1290	-15	-16.4		21.43261408	
1290	-15	-16.4		21.53873364	
1300	-15	-16.4		21.6448532	
1300	-15.3	-16.3		21.75097276	
1310	-14.8	-16.5		21.85709232	
1310	-14.8	-16.6		21.96321189	
1320	-15	-16.6		22.06933145	
1320	-15.2	-16.5		22.17545101	
1330	-15	-16.3		22.28157057	
1330	-15	-16.3		22.38769013	
1340	-15	-16.8		22.49380969	
1340	-15.5	-16.9		22.59992925	
1350	-15.4	-16.9		22.70604881	
1350	-15.5	-16.9		22.81216838	
1360	-15.5	-16.8		22.91828794	
1360	-15.4	-17		23.0244075	
1370	-15.4	-17.2		23.13052706	
1370	-15.7	-16.9		23.23664662	
1380	-15.3	-16.7		23.34276618	
1380	-15.2	-16.6		23.44888574	
1390	-15	-16.7		23.55500531	
1390	-15.2	-16.6		23.66112487	
1400	-14.9	-16.7		23.76724443	
1400	-15.2	-16.7		23.87336399	
1410	-15.2	-16.7		23.97948355	
1410	-15	-16.7		24.08560311	
1420	-15.2	-17.1		24.19172267	
1420	-15.6	-17		24.29784224	
1430	-15.6	-16.7		24.4039618	
1430	-15.4	-16.6		24.51008136	
1440	-14.8	-16.5		24.61620092	
1440	-16.2	-16		24.72232048	
1450	-16.3	-16		24.82844004	
1450	-16	-15.8		24.9345596	
1460	-15.7	-16		25.04067917	
1460	-16.1	-15.9		25.14679873	
1470	-16	-16.1		25.25291829	
1470	-16.3	-16.4		25.35903785	
1480	-16.6	-16.1		25.46515741	
1480	-16.2	-15.9		25.57127697	
1490	-16.1	-15.7		25.67739653	
1490	-15.4	-15.8		25.78351609	
1500	-16.1	-15.8		25.88963566	
1500	-16	-15.9		25.99575522	
1510	-16.3	-15.7		26.10187478	
1510	-15.7	-15.8		26.20799434	
1520	-15.8	-15.9		26.3141139	
1520	-16	-16.1		26.42023346	
1530	-16.3	-15.8		26.52635302	
1530	-15.8	-15.6		26.63247259	
1540	-15.8	-15.6		26.73859215	
1540	-15.5	-15.5		26.84471171	
1550	-15.5	-15.5		26.95083127	
1550	-15.6	-15.6		27.05695083	
1560	-15.7	-15.6		27.16307039	
1560	-15.8	-15.7		27.26918995	
1570	-15.7	-15.9		27.37530952	
1570	-16	-15.9		27.48142908	
1580	-16.1	-15.5		27.58754864	
1580	-15.7	-15.3		27.6936682	
1590	-15.5	-15.4		27.79978776	
1590	-15.6	-15.4		27.90590732	
1600	-15.6	-15.4		28.01202688	
1600	-15.6	-15.4		28.11814644	
1610	-15.5	-15.5		28.22426601	
1610	-15.7	-15.7		28.33038557	
1620	-15.8	-15.7		28.43650513	
1620	-15.9	-15.4		28.54262469	
1630	-15.4	-15.3		28.64874425	
1630	-15.4	-15.3		28.75486381	
1640	-15.5	-15		28.86098337	
1640	-14.5	-15.2		28.96710294	
1650	-15.2	-15.2		29.0732225	
1650	-15.5	-15.2		29.17934206	
1660	-15.4	-15.3		29.28546162	
1660	-15.5	-15.4		29.39158118	
1670	-15.6	-15.5		29.49770074	
1670	-15.7	-15.2		29.6038203	
1680	-15.4	-15.1		29.70993987	
1680	-15.2	-15.1		29.81605943	
1690	-15.3	-15		29.92217899	
1690	-15	-15.1		30.02829855	
1700	-15.4	-15.1		30.13441811	
1700	-15.3	-15.1		30.24053767	
1710	-15.4	-15.4		30.34665723	
1710	-15.7	-15.5		30.4527768	
1720	-15.6	-13.9		30.55889636	
1720	-16	-16.2		30.66501592	
1730	-16.3	-16.2		30.77113548	
1730	-16.5	-15.8		30.87725504	
1740	-15.7	-18.7		30.9833746	
1740	-18.7	-18.7		31.08949416	
1750	-18.7	-18.6		31.19561372	
1750	-18.7	-18.7		31.30173329	
1760	-18.7	-18.8		31.40785285	
1760	-18.9	-18.6		31.51397241	
1770	-18.6	-18.4		31.62009197	
1770	-18.4	-18.3		31.72621153	
1780	-18.4	-18.3		31.83233109	
1780	-18.4	-18.4		31.93845065	
1790	-18.4	-18.4		32.04457022	
1790	-18.2	-18.4		32.15068978	
1800	-18.5	-18.6		32.25680934	
1800	-18.7	-18.7		32.3629289	
1810	-18.9	-18.6		32.46904846	
1810	-18.6	-18.5		32.57516802	
1820	-18.3	-18.5		32.68128758	
1820	-18.4	-18.6		32.78740715	
1830	-18.5	-18.6		32.89352671	
1830	-18.6	-18.6		32.99964627	
1840	-18.4	-18.6		33.10576583	
1840	-18.5	-18.7		33.21188539	
1850	-18.6	-18.9		33.31800495	
1850	-19.1	-18.8		33.42412451	
1860	-18.9	-18.6		33.53024407	
1860	-18.7	-18.5		33.63636364	
1870	-18.3	-18.7		33.7424832	
1870	-18.8	-18.6		33.84860276	
1880	-18.6	-18.6		33.95472232	
1880	-18.4	-18.6		34.06084188	
1890	-18.6	-18.7		34.16696144	
1890	-18.3	-18.9		34.273081	
1900	-18.9	-18.9		34.37920057	
1900	-18.9	-18.7		34.48532013	
1910	-18.7	-18.6		34.59143969	
1910	-18.7	-18.6		34.69755925	
1920	-18.3	-18.6		34.80367881	
1920	-18.5	-18.6		34.90979837	
1930	-18.6	-18.7		35.01591793	
1930	-18.7	-18.8		35.1220375	
1940	-18.7	-19		35.22815706	
1940	-19.1	-18.9		35.33427662	
1950	-18.5	-18.6		35.44039618	
1950	-18.2	-18.6		35.54651574	
1960	-18.6	-18.6		35.6526353	
1960	-18.5	-18.7		35.75875486	
1970	-18.8	-18.7		35.86487443	
1970	-18.8	-18.7		35.97099399	
1980	-18.8	-18.9		36.07711355	
1980	-18.8	-19		36.18323311	
1990	-19.2	-18.9		36.28935267	
1990	-18.8	-18.8		36.39547223	
2000	-18.8	-18.7		36.50159179	
2000	-18.8	-18.8		36.60771135	
2010	-18.9	-18.8		36.71383092	
2010	-18.6	-18.8		36.81995048	
2020	-18.8	-18.8		36.92607004	
2020	-18.8	-19		37.0321896	
2030	-18.9	-19.1		37.13830916	
2030	-19.1	-19		37.24442872	
2040	-18.9	-18.8		37.35054828	
2040	-18.7	-18.9		37.45666785	
2050	-18.8	-18.8		37.56278741	
2050	-18.6	-18.9		37.66890697	
2060	-18.7	-18.9		37.77502653	
2060	-18.7	-19		37.88114609	
2070	-19.1	-19.2		37.98726565	
2070	-19.2	-19.3		38.09338521	
2080	-19.4	-19.1		38.19950478	
2080	-19.2	-18.9		38.30562434	
2090	-19	-18.8		38.4117439	
2090	-18.8	-18.8		38.51786346	
2100	-18.6	-18.8		38.62398302	
2100	-18.8	-18.8		38.73010258	
2110	-18.9	-18.9		38.83622214	
2110	-18.9	-19		38.9423417	
2120	-19	-19.2		39.04846127	
2120	-19.3	-19		39.15458083	
2130	-19	-18.8		39.26070039	
2130	-18.6	-18.7		39.36681995	
2140	-18.3	-18.8		39.47293951	
2140	-18.8	-18.7		39.57905907	
2150	-18.4	-18.7		39.68517863	
2150	-18.3	-18.7		39.7912982	
2160	-18.3	-18.9		39.89741776	
2160	-18.3	-19		40.00353732	
2170	-19	-18.8		40.10965688	
2170	-18.7	-18.6		40.21577644	
2180	-18.4	-18.6		40.321896	
2180	-18.5	-18.7		40.42801556	
2190	-18.5	-18.6		40.53413513	
2190	-18.2	-18.6		40.64025469	
2200	-18	-18.7		40.74637425	
2200	-18.5	-18.8		40.85249381	
2210	-18.6	-18.9		40.95861337	
2210	-18.7	-18.8		41.06473293	
2220	-18.4	-18.6		41.17085249	
2220	-18.4	-18.6		41.27697206	
2230	-18.3	-18.5		41.38309162	
2230	-18.1	-18.5		41.48921118	
2240	-17.8	-18.6		41.59533074	
2240	-18.4	-18.6		41.7014503	
2250	-18.3	-18.7		41.80756986	
2250	-18.2	-18.8		41.91368942	
2260	-18.3	-18.8		42.01980898	
2260	-18.4	-18.6		42.12592855	
2270	-18.2	-18.5		42.23204811	
2270	-18.2	-18.5		42.33816767	
2280	-18.2	-18.4		42.44428723	
2280	-17.6	-18.6		42.55040679	
2290	-18.1	-18.6		42.65652635	
2290	-18.2	-18.7		42.76264591	
2300	-18.4	-18.9		42.86876548	
2300	-18.6	-18.7		42.97488504	
2310	-18.3	-18.6		43.0810046	
2310	-18.2	-18.5		43.18712416	
2320	-18.1	-18.5		43.29324372	
2320	-18	-18.5		43.39936328	
2330	-18	-18.6		43.50548284	
2330	-18.1	-18.6		43.61160241	
2340	-18.1	-18.7		43.71772197	
2340	-18.2	-18.8		43.82384153	
2350	-18.3	-18.7		43.92996109	
2350	-18.2	-18.6		44.03608065	
2360	-18.2	-18.4		44.14220021	
2360	-17.6	-18.6		44.24831977	
2370	-18	-18.6		44.35443933	
2370	-18.1	-18.5		44.4605589	
2380	-17.9	-18.6		44.56667846	
2380	-18	-18.6		44.67279802	
2390	-18	-18.7		44.77891758	
2390	-17.9	-18.9		44.88503714	
2400	-18.2	-18.6		44.9911567	
2400	-18.2	-18.5		45.09727626	
2410	-17.8	-18.4		45.20339583	
2410	-17.7	-18.5		45.30951539	
2420	-18	-18.5		45.41563495	
2420	-17.8	-18.5		45.52175451	
2430	-17.9	-18.7		45.62787407	
2430	-18	-18.7		45.73399363	
2440	-18.1	-18.5		45.84011319	
2440	-17.9	-18.4		45.94623276	
2450	-17.5	-18.4		46.05235232	
2450	-17.7	-18.4		46.15847188	
2460	-17.8	-18.4		46.26459144	
2460	-17.8	-18.4		46.370711	
2470	-17.7	-18.4		46.47683056	
2470	-17.7	-18.6		46.58295012	
2480	-17.9	-18.7		46.68906969	
2480	-18.1	-18.5		46.79518925	
2490	-17.9	-18.3		46.90130881	
2490	-17.2	-18.3		47.00742837	
2500	-17.7	-18.3		47.11354793	
2500	-17.6	-18.3		47.21966749	
2510	-17.7	-18.3		47.32578705	
2510	-17.7	-18.4		47.43190661	
2520	-17.6	-18.5		47.53802618	
2520	-17.8	-18.7		47.64414574	
2530	-18	-18.6		47.7502653	
2530	-18	-18.5		47.85638486	
2540	-17.8	-18.8		47.96250442	
2540	-17.7	-18.8		48.06862398	
2550	-18.1	-18.9		48.17474354	
2550	-18.3	-19		48.28086311	
2560	-18.1	-19		48.38698267	
2560	-18.2	-18.9		48.49310223	
2570	-18.1	-18.9		48.59922179	
2570	-18	-19.2		48.70534135	
2580	-18.6	-19.3		48.81146091	
2580	-18.5	-19		48.91758047	
2590	-18.1	-18.8		49.02370004	
2590	-18	-18.8		49.1298196	
2600	-17.9	-18.8		49.23593916	
2600	-17.9	-18.8		49.34205872	
2610	-17.9	-18.8		49.44817828	
2610	-17.8	-18.7		49.55429784	
2620	-17.8	-18.8		49.6604174	
2620	-17.9	-19		49.76653696	
2630	-18.2	-19.1		49.87265653	
2630	-18.4	-18.8		49.97877609	
2640	-17.6	-18.7		50.08489565	
2640	-17.7	-18.6		50.19101521	
2650	-17.6	-18.6		50.29713477	
2650	-17.6	-18.7		50.40325433	
2660	-17.7	-18.7		50.50937389	
2660	-17.8	-18.6		50.61549346	
2670	-17.8	-18.7		50.72161302	
2670	-17.8	-18.8		50.82773258	
2680	-17.9	-18.9		50.93385214	
2680	-18	-18.7		51.0399717	
2690	-17.8	-18.6		51.14609126	
2690	-17.7	-18.5		51.25221082	
2700	-17.6	-18.5		51.35833039	
2700	-17.5	-18.5		51.46444995	
2710	-17.5	-18.6		51.57056951	
2710	-17.6	-18.6		51.67668907	
2720	-17.6	-18.5		51.78280863	
2720	-17.3	-18.6		51.88892819	
2730	-17.3	-18.7		51.99504775	
2730	-17.5	-18.6		52.10116732	
2740	-17.5	-18.5		52.20728688	
2740	-17.4	-18.3		52.31340644	
2750	-17.1	-18.3		52.419526	
2750	-17.3	-18.4		52.52564556	
2760	-17.3	-18.3		52.63176512	
2760	-16.9	-18.4		52.73788468	
2770	-17.2	-18.4		52.84400424	
2770	-17.2	-18.4		52.95012381	
2780	-17.2	-18.5		53.05624337	
2780	-17.1	-18.6		53.16236293	
2790	-17.5	-18.3		53.26848249	
2790	-17.2	-18.2		53.37460205	
2800	-17	-18.2		53.48072161	
2800	-16.8	-18.1		53.58684117	
2810	-16.6	-18.1		53.69296074	
2810	-16.5	-18.2		53.7990803	
2820	-17.1	-18.1		53.90519986	
2820	-17	-18.1		54.01131942	
2830	-16.7	-18.4		54.11743898	
2830	-17.1	-18.4		54.22355854	
2840	-17.2	-18.2		54.3296781	
2840	-17	-18.2		54.43579767	
2850	-16.9	-18		54.54191723	
2850	-16.7	-18		54.64803679	
2860	-16.8	-18.1		54.75415635	
2860	-16.8	-18		54.86027591	
2870	-16.3	-18.1		54.96639547	
2870	-16.8	-18.1		55.07251503	
2880	-16.9	-18.3		55.17863459	
2880	-17	-18.4		55.28475416	
2890	-17.2	-18.2		55.39087372	
2890	-16.9	-18		55.49699328	
2900	-16.3	-17.9		55.60311284	
2900	-16.4	-18		55.7092324	
2910	-16.6	-18		55.81535196	
2910	-16.7	-18		55.92147152	
2920	-16.5	-18		56.02759109	
2920	-16.6	-17.9		56.13371065	
2930	-16.4	-18.1		56.23983021	
2930	-16.8	-18.3		56.34594977	
2940	-16.8	-18.3		56.45206933	
2940	-16.8	-18		56.55818889	
2950	-16.6	-17.9		56.66430845	
2950	-16.4	-17.8		56.77042802	
2960	-16.2	-17.9		56.87654758	
2960	-16.4	-17.9		56.98266714	
2970	-16.5	-17.9		57.0887867	
2970	-16.5	-17.8		57.19490626	
2980	-16.4	-17.9		57.30102582	
2980	-16.4	-18		57.40714538	
2990	-16.6	-18.1		57.51326495	
2990	-16.6	-17.9		57.61938451	
3000	-16.4	-17.7		57.72550407	
3000	-16.2	-17.7		57.83162363	
3010	-16.2	-17.7		57.93774319	
3010	-16.2	-17.8		58.04386275	
3020	-16.3	-17.8		58.14998231	
3020	-16.2	-17.8		58.25610187	
3030	-16.3	-17.8		58.36222144	
3030	-16.2	-17.9		58.468341	
3040	-16.1	-18		58.57446056	
3040	-16.2	-17.7		58.68058012	
3050	-15.9	-17.6		58.78669968	
3050	-15.8	-17.6		58.89281924	
3060	-15.7	-17.6		58.9989388	
3060	-15.7	-17.6		59.10505837	
3070	-15.7	-17.6		59.21117793	
3070	-15.7	-17.7		59.31729749	
3080	-15.9	-17.8		59.42341705	
3080	-16.1	-18		59.52953661	
3090	-16.2	-17.7		59.63565617	
3090	-16	-17.6		59.74177573	
3100	-15.8	-17.5		59.8478953	
3100	-15.7	-17.5		59.95401486	
3110	-15.7	-17.5		60.06013442	
3110	-15.7	-17.5		60.16625398	
3120	-15.7	-17.4		60.27237354	
3120	-15.6	-17.6		60.3784931	
3130	-15.8	-17.8		60.48461266	
3130	-16	-17.6		60.59073222	
3140	-16	-17.5		60.69685179	
3140	-15.7	-17.2		60.80297135	
3150	-14	-17.3		60.90909091	
3150	-15.1	-17.4		61.01521047	
3160	-15.5	-17.4		61.12133003	
3160	-15.7	-17.4		61.22744959	
3170	-15.6	-17.5		61.33356915	
3170	-15.8	-17.6		61.43968872	
3180	-15.8	-17.7		61.54580828	
3180	-16	-17.5		61.65192784	
3190	-15.7	-17.3		61.7580474	
3190	-15.5	-17.3		61.86416696	
3200	-15.5	-17.3		61.97028652	
3200	-15.5	-17.4		62.07640608	
3210	-15.4	-17.4		62.18252565	
3210	-15.5	-17.4		62.28864521	
3220	-15.4	-17.5		62.39476477	
3220	-15.6	-17.6		62.50088433	
3230	-15.7	-17.6		62.60700389	
3230	-15.7	-17.3		62.71312345	
3240	-15.4	-17.2		62.81924301	
3240	-15.2	-17.2		62.92536258	
3250	-15.2	-17.2		63.03148214	
3250	-15.2	-17.2		63.1376017	
3260	-15.1	-17.2		63.24372126	
3260	-15.3	-17.2		63.34984082	
3270	-15.3	-17.4		63.45596038	
3270	-15.4	-17.6		63.56207994	
3280	-15.5	-17.4		63.6681995	
3280	-15.4	-17.2		63.77431907	
3290	-15.1	-17.2		63.88043863	
3290	-15.1	-17.1		63.98655819	
3300	-14.8	-17.1		64.09267775	
3300	-15.1	-17.2		64.19879731	
3310	-15.1	-17.2		64.30491687	
3310	-15.1	-17.3		64.41103643	
3320	-15.2	-17.4		64.517156	
3320	-15.3	-17.4		64.62327556	
3330	-15.4	-17.2		64.72939512	
3330	-15.1	-17.1		64.83551468	
3340	-15	-17.1		64.94163424	
3340	-14.9	-17.1		65.0477538	
3350	-15	-17.1		65.15387336	
3350	-14.9	-17.1		65.25999293	
3360	-15	-17.1		65.36611249	
3360	-15	-17.2		65.47223205	
3370	-15	-17.4		65.57835161	
3370	-15.3	-17.2		65.68447117	
3380	-15	-19.2		65.79059073	
3380	-16	-20.7		65.89671029	
3390	-18.2	-14.1		66.00282985	
3390	-14.8	-18.2		66.10894942	
3400	-16.1	-18.4		66.21506898	
3400	-16.2	-18.4		66.32118854	
3410	-16	-18.4		66.4273081	
3410	-16.2	-18.6		66.53342766	
3420	-16.4	-18.6		66.63954722	
3420	-16.4	-18.3		66.74566678	
3430	-15.9	-18.2		66.85178635	
3430	-16	-18.2		66.95790591	
3440	-15.8	-18.2		67.06402547	
3440	-15.9	-18.2		67.17014503	
3450	-15.9	-18.2		67.27626459	
3450	-15.9	-18.3		67.38238415	
3460	-16	-18.6		67.48850371	
3460	-16.3	-18.8		67.59462328	
3470	-16.4	-18.5		67.70074284	
3470	-16.1	-18.3		67.8068624	
3480	-16	-18.4		67.91298196	
3480	-16.1	-18.3		68.01910152	
3490	-16.1	-18.3		68.12522108	
3490	-16.2	-18.4		68.23134064	
3500	-16.2	-18.5		68.33746021	
3500	-16.6	-18.8		68.44357977	