   0.0000000000000000       0.58321978193282686     
   1.0000000000000000        4.2411702527878017     
   2.0000000000000000        3.8984923311855164     
   3.0000000000000000        4.2513892328354608     
   4.0000000000000000        4.6795763473483962     
   5.0000000000000000        5.1770427011760471     
   6.0000000000000000        5.7586527624884143     
   7.0000000000000000        6.4454648525141467     
   8.0000000000000000        7.2635516091017598     
   9.0000000000000000        8.2447202845012271     
   10.000000000000000        9.1610522443211391     
   11.000000000000000        8.2007396560024972     
   12.000000000000000        8.3256507253501599     
   13.000000000000000        8.4548722078418752     
   14.000000000000000        8.5887476900673860     
   15.000000000000000        8.7277570744637636     
   16.000000000000000        8.8724463741945563     
   17.000000000000000        9.0234007187601186     
   18.000000000000000        9.1812347888132599     
   19.000000000000000        9.3465907119490979     
   20.000000000000000        9.3639466046003665     
   21.000000000000000        7.8109135626338864     
   22.000000000000000        7.3058526458065458     
   23.000000000000000        6.8064007730849774     
   24.000000000000000        6.3124232591238609     
   25.000000000000000        5.8238139363220993     
   26.000000000000000        5.3404850395602113     
   27.000000000000000        4.8623610680794371     
   28.000000000000000        4.3893749492446892     
   29.000000000000000        3.9214655644108589     
   30.000000000000000        3.5673914047198245     
   31.000000000000000        5.8028719301446188     
   32.000000000000000        5.8066115191838978     
   33.000000000000000        5.8080223286632915     
   34.000000000000000        5.8068616802053068     
   35.000000000000000        5.8028573484609955     
   36.000000000000000        5.7957041306563726     
   37.000000000000000        5.7850600219886310     
   38.000000000000000        5.7705419211207261     
   39.000000000000000        5.7517208265669426     
   40.000000000000000        5.7213914049609604     
   41.000000000000000        5.5089004998675604     
   42.000000000000000        5.4428698222478218     
   43.000000000000000        5.3673198900457297     
   44.000000000000000        5.2812347287757646     
   45.000000000000000        5.1834866789522884     
   46.000000000000000        5.0728242000991202     
   47.000000000000000        4.9478583224908395     
   48.000000000000000        4.8070476021989244     
   49.000000000000000        4.6486814206736788     
   50.000000000000000        4.5150427214927547     
   51.000000000000000        6.2248784740842256     
   52.000000000000000        6.2048899399776642     
   53.000000000000000        6.1770147149524641     
   54.000000000000000        6.1396905978810379     
   55.000000000000000        6.0910418427127553     
   56.000000000000000        6.0288162352263894     
   57.000000000000000        5.9503094941901269     
   58.000000000000000        5.8522744767860964     
   59.000000000000000        5.7308121135010621     
   60.000000000000000        5.6260802784188924     
   61.000000000000000        8.4143813706525847     
   62.000000000000000        8.4155752164910282     
   63.000000000000000        8.4105795119270645     
   64.000000000000000        8.3971966852506483     
   65.000000000000000        8.3724424241491828     
   66.000000000000000        8.3322639323339516     
   67.000000000000000        8.2711571795888084     
   68.000000000000000        8.1816468446460249     
   69.000000000000000        8.0535795574442286     
   70.000000000000000        7.9373573184404540     
   71.000000000000000        15.499310179501361     
   72.000000000000000        15.526926121876505     
   73.000000000000000        15.563206052088097     
   74.000000000000000        15.616008536478031     
   75.000000000000000        15.700300699225549     
   76.000000000000000        15.844584387103120     
   77.000000000000000        16.103120770621011     
   78.000000000000000        16.579157266872304     
   79.000000000000000        17.468960186841898     
   80.000000000000000        18.458224132673287     
   81.000000000000000        6.3742990660151584     
   82.000000000000000        6.3746674946404216     
   83.000000000000000        6.3729478289715908     
   84.000000000000000        6.3689136404294286     
   85.000000000000000        6.3623119919726756     
   86.000000000000000        6.3528603721797490     
   87.000000000000000        6.3402432845153900     
   88.000000000000000        6.3241084396776373     
   89.000000000000000        6.3040624983125593     
   90.000000000000000        6.2868719302992462     
   91.000000000000000        6.4847499992170246     
   92.000000000000000        6.4836997591032688     
   93.000000000000000        6.4803748225086402     
   94.000000000000000        6.4745041545622657     
   95.000000000000000        6.4657827246641846     
   96.000000000000000        6.4538672758210929     
   97.000000000000000        6.4383715593485018     
   98.000000000000000        6.4188609762746518     
   99.000000000000000        6.3948465522957525     
   100.00000000000000        6.3776171789640852     
   101.00000000000000        6.7595857684079412     
   102.00000000000000        6.7741736110032198     
   103.00000000000000        6.7885272642800265     
   104.00000000000000        6.8026243684808376     
   105.00000000000000        6.8164392730584566     
   106.00000000000000        6.8299425832817162     
   107.00000000000000        6.8431006302389923     
   108.00000000000000        6.8558748748397162     
   109.00000000000000        6.8682212256172450     
   110.00000000000000        6.8803857371753168     
   111.00000000000000        6.9025483987134111     
   112.00000000000000        6.9146910020452692     
   113.00000000000000        6.9263538068158255     
   114.00000000000000        6.9374784111652419     
   115.00000000000000        6.9479980606778131     
   116.00000000000000        6.9578364684728653     
   117.00000000000000        6.9669064730898640     
   118.00000000000000        6.9751085100070904     
   119.00000000000000        6.9823288687951832     
   120.00000000000000        6.9991317246379383     
   121.00000000000000        7.4120824115972503     
   122.00000000000000        7.4669642831915031     
   123.00000000000000        7.5280710407497189     
   124.00000000000000        7.5963802288242723     
   125.00000000000000        7.6730215326695994     
   126.00000000000000        7.7593004760925890     
   127.00000000000000        7.8567258028143305     
   128.00000000000000        7.9670411113846082     
   129.00000000000000        8.0922614220528732     
   130.00000000000000        8.1814036587652783     
   131.00000000000000        6.5774403201254223     
   132.00000000000000        6.5103502163749445     
   133.00000000000000        6.4353691866807976     
   134.00000000000000        6.3517416371350786     
   135.00000000000000        6.2586387626430220     
   136.00000000000000        6.1551514549645976     
   137.00000000000000        6.0402825309305541     
   138.00000000000000        5.9129382041542220     
   139.00000000000000        5.7719187211851741     
   140.00000000000000        5.6605186835554928     
   141.00000000000000        7.6144817431801162     
   142.00000000000000        7.6269886029375007     
   143.00000000000000        7.6392864793822932     
   144.00000000000000        7.6513467407602835     
   145.00000000000000        7.6631358837819121     
   146.00000000000000        7.6746147159208657     
   147.00000000000000        7.6857373951557708     
   148.00000000000000        7.6964503153025552     
   149.00000000000000        7.7066908022228615     
   150.00000000000000        7.7169405878504174     
   151.00000000000000        7.7524988803549384     
   152.00000000000000        7.7635269342607280     
   153.00000000000000        7.7741580525547267     
   154.00000000000000        7.7843311084506945     
   155.00000000000000        7.7939745871730111     
   156.00000000000000        7.8030048322714674     
   157.00000000000000        7.8113239933328948     
   158.00000000000000        7.8188176303049568     
   159.00000000000000        7.8253518929716819     
   160.00000000000000        7.8307702379793866     
   161.00000000000000        7.8348896036183726     
   162.00000000000000        7.8374959198073810     
   163.00000000000000        7.8383388567369252     
   164.00000000000000        7.8371256932655129     
   165.00000000000000        7.8335141445354965     
   166.00000000000000        7.8271039777242883     
   167.00000000000000        7.8174272081355642     
   168.00000000000000        7.8039366345176422     
   169.00000000000000        7.7859924326358518     
   170.00000000000000        7.7628464717430923     
   171.00000000000000        7.7336239952668562     
   172.00000000000000        7.6973021921146509     
   173.00000000000000        7.6526851312813102     
   174.00000000000000        7.5983744612589916     
   175.00000000000000        7.5327351341589690     
   176.00000000000000        7.4538553336753095     
   177.00000000000000        7.3594996194133904     
   178.00000000000000        7.2470541137638032     
   179.00000000000000        7.1134623965485222     
   180.00000000000000        6.9989363649842264     
   181.00000000000000        10.543194059079713     
   182.00000000000000        10.531968753448195     
   183.00000000000000        10.513692406395213     
   184.00000000000000        10.486265078493336     
   185.00000000000000        10.446959807016746     
   186.00000000000000        10.392235340368101     
   187.00000000000000        10.317492916675196     
   188.00000000000000        10.216760337038727     
   189.00000000000000        10.082281577890374     
   190.00000000000000        9.9642983301457928     
   191.00000000000000        18.725243865830681     
   192.00000000000000        18.746585408397589     
   193.00000000000000        18.774185863341771     
   194.00000000000000        18.812347922994945     
   195.00000000000000        18.868328052398077     
   196.00000000000000        18.954363873687001     
   197.00000000000000        19.091092387768033     
   198.00000000000000        19.313311862715455     
   199.00000000000000        19.679690578953576     
   200.00000000000000        20.068881723599059     
   201.00000000000000        9.6077860336796697     
   202.00000000000000        9.6643729468724224     
   203.00000000000000        9.7313555517157742     
   204.00000000000000        9.8111723897306824     
   205.00000000000000        9.9068328471325131     
   206.00000000000000        10.022050758375329     
   207.00000000000000        10.161409264479603     
   208.00000000000000        10.330564229871751     
   209.00000000000000        10.536495186734014     
   210.00000000000000        10.718779295815482     
   211.00000000000000        8.0339925172660980     
   212.00000000000000        8.0546370291149660     
   213.00000000000000        8.0765042764945623     
   214.00000000000000        8.0997727206997681     
   215.00000000000000        8.1246462050359334     
   216.00000000000000        8.1513575723509923     
   217.00000000000000        8.1801728013116897     
   218.00000000000000        8.2113957197692216     
   219.00000000000000        8.2453733935921907     
   220.00000000000000        8.2859479103657474     
   221.00000000000000        8.4781513797245065     
   222.00000000000000        8.5394984461306453     
   223.00000000000000        8.6081239687426976     
   224.00000000000000        8.6851003390168611     
   225.00000000000000        8.7716573247367648     
   226.00000000000000        8.8692051784451778     
   227.00000000000000        8.9793611280962686     
   228.00000000000000        9.1039797410987280     
   229.00000000000000        9.2451877575009309     
   230.00000000000000        9.3231652038622013     
   231.00000000000000        6.4210701585012435     
   232.00000000000000        6.2523460583224315     
   233.00000000000000        6.0720013240533053     
   234.00000000000000        5.8792910432304604     
   235.00000000000000        5.6734222282210558     
   236.00000000000000        5.4535507129358107     
   237.00000000000000        5.2187778594610892     
   238.00000000000000        4.9681470460462069     
   239.00000000000000        4.7006399176846978     
   240.00000000000000        4.4962505968919135     
   241.00000000000000        10.511505501965001     
   242.00000000000000        10.545187352543117     
   243.00000000000000        10.584424357077614     
   244.00000000000000        10.630585173331612     
   245.00000000000000        10.685374772008862     
   246.00000000000000        10.750917069916307     
   247.00000000000000        10.829857863783838     
   248.00000000000000        10.925493046980296     
   249.00000000000000        11.041928313492249     
   250.00000000000000        11.155489071189322     
   251.00000000000000        9.6762233350774967     
   252.00000000000000        9.7395925380188189     
   253.00000000000000        9.8132831616868277     
   254.00000000000000        9.8993308347603897     
   255.00000000000000        10.000171956207733     
   256.00000000000000        10.118722581243413     
   257.00000000000000        10.258472841433235     
   258.00000000000000        10.423599939699185     
   259.00000000000000        10.619103351914051     
   260.00000000000000        10.745115037854481     
   261.00000000000000        6.3450098086254219     
   262.00000000000000        6.1701652511915119     
   263.00000000000000        5.9816085284276941     
   264.00000000000000        5.7783304965757392     
   265.00000000000000        5.5592474443840514     
   266.00000000000000        5.3231955864917353     
   267.00000000000000        5.0689251348075750     
   268.00000000000000        4.7950939400823094     
   269.00000000000000        4.5002606718279843     
   270.00000000000000        4.2731740290156797     
   271.00000000000000        15.133268673481419     
   272.00000000000000        15.171059113711765     
   273.00000000000000        15.219996094091401     
   274.00000000000000        15.284636652073274     
   275.00000000000000        15.371399390148365     
   276.00000000000000        15.489324775095071     
   277.00000000000000        15.651145785906701     
   278.00000000000000        15.874795440805993     
   279.00000000000000        16.185529149088399     
   280.00000000000000        16.492558990082106     
   281.00000000000000        10.151644287157803     
   282.00000000000000        10.235073634641896     
   283.00000000000000        10.333036811485467     
   284.00000000000000        10.448431638574791     
   285.00000000000000        10.584733069514634     
   286.00000000000000        10.746108095055430     
   287.00000000000000        10.937553530455959     
   288.00000000000000        11.165061204878613     
   289.00000000000000        11.435816011644796     
   290.00000000000000        11.700250445894984     
   291.00000000000000        9.7847827252215769     
   292.00000000000000        9.9468572898563092     
   293.00000000000000        10.130174802877509     
   294.00000000000000        10.337712586550699     
   295.00000000000000        10.572864797924908     
   296.00000000000000        10.839500778297811     
   297.00000000000000        11.142031557824820     
   298.00000000000000        11.485485652268432     
   299.00000000000000        11.875595464667970     
   300.00000000000000        12.080004476121532     
   301.00000000000000        5.8104560362255890     
   302.00000000000000        5.3345698341872829     
   303.00000000000000        4.8628610350032400     
   304.00000000000000        4.3952957584657923     
   305.00000000000000        3.9318403774253601     
   306.00000000000000        3.4724615230933953     
   307.00000000000000        3.0171260827000865     
   308.00000000000000        2.5658012047632441     
   309.00000000000000        2.1184542995738624     
   310.00000000000000        1.7865933942620311     
   311.00000000000000        11.289733398822140     
   312.00000000000000        11.309136078976616     
   313.00000000000000        11.330797089311835     
   314.00000000000000        11.355245784548110     
   315.00000000000000        11.383135033470378     
   316.00000000000000        11.415270049107464     
   317.00000000000000        11.452643932075182     
   318.00000000000000        11.496481507874076     
   319.00000000000000        11.548293399037155     
   320.00000000000000        11.600936302104506     
   321.00000000000000        11.019525243751746     
   322.00000000000000        11.061782862027984     
   323.00000000000000        11.111088716550217     
   324.00000000000000        11.168967540370186     
   325.00000000000000        11.237273394257956     
   326.00000000000000        11.318260798176857     
   327.00000000000000        11.414671213302835     
   328.00000000000000        11.529838202524180     
   329.00000000000000        11.667815289100876     
   330.00000000000000        11.783624707763920     
   331.00000000000000        9.1152254042072407     
   332.00000000000000        9.1060564491563412     
   333.00000000000000        9.0941748668534217     
   334.00000000000000        9.0791897784961879     
   335.00000000000000        9.0606536533125741     
   336.00000000000000        9.0380540963845419     
   337.00000000000000        9.0108044529749503     
   338.00000000000000        8.9782330468812184     
   339.00000000000000        8.9395708578440622     
   340.00000000000000        8.9035118583263735     
   341.00000000000000        9.4878843878126649     
   342.00000000000000        9.4698300655740546     
   343.00000000000000        9.4473762096399287     
   344.00000000000000        9.4198198117056311     
   345.00000000000000        9.3863451777356719     
   346.00000000000000        9.3460058611783801     
   347.00000000000000        9.2977037107825833     
   348.00000000000000        9.2401645506160506     
   349.00000000000000        9.1719099542233007     
   350.00000000000000        9.1130685315992697     
   351.00000000000000        10.785685898193419     
   352.00000000000000        10.777433989055593     
   353.00000000000000        10.765612472140791     
   354.00000000000000        10.749495690243229     
   355.00000000000000        10.728210050958658     
   356.00000000000000        10.700703856688051     
   357.00000000000000        10.665710984433362     
   358.00000000000000        10.621707168861629     
   359.00000000000000        10.566857362066148     
   360.00000000000000        10.522823705528552     
   361.00000000000000        12.712735502162248     
   362.00000000000000        12.729098194830112     
   363.00000000000000        12.747352041505552     
   364.00000000000000        12.767995162491008     
   365.00000000000000        12.791656336112032     
   366.00000000000000        12.819129282963900     
   367.00000000000000        12.851415933495037     
   368.00000000000000        12.889781041915557     
   369.00000000000000        12.935821131562889     
   370.00000000000000        12.989206310898254     
   371.00000000000000        12.859588328049178     
   372.00000000000000        12.930450294816380     
   373.00000000000000        13.017202751272190     
   374.00000000000000        13.123934482264819     
   375.00000000000000        13.255785757210285     
   376.00000000000000        13.419218669758889     
   377.00000000000000        13.622356943792152     
   378.00000000000000        13.875413052024820     
   379.00000000000000        14.191225022823033     
   380.00000000000000        14.481995649124544     
   381.00000000000000        9.8728739504198035     
   382.00000000000000        9.9429604855707598     
   383.00000000000000        10.021416967331799     
   384.00000000000000        10.109393092863630     
   385.00000000000000        10.208196222415765     
   386.00000000000000        10.319313003373763     
   387.00000000000000        10.444433956796717     
   388.00000000000000        10.585481423088074     
   389.00000000000000        10.744641354750543     
   390.00000000000000        10.972589029979332     
   391.00000000000000        13.138550754871090     
   392.00000000000000        13.611674251031088     
   393.00000000000000        14.168516344555400     
   394.00000000000000        14.824173129076369     
   395.00000000000000        15.596461235253095     
   396.00000000000000        16.506407676812682     
   397.00000000000000        17.578827776176421     
   398.00000000000000        18.843006981916492     
   399.00000000000000        20.333505220249052     
   400.00000000000000        21.464671369781627     
   401.00000000000000        12.873770162351560     
   402.00000000000000        12.365049072538769     
   403.00000000000000        11.859617855992937     
   404.00000000000000        11.357457709885603     
   405.00000000000000        10.858549877162110     
   406.00000000000000        10.362875639482686     
   407.00000000000000        9.8704163211071094     
   408.00000000000000        9.3811533001046712     
   409.00000000000000        8.8950680076407096     
   410.00000000000000        8.2816402962171374     
   411.00000000000000        4.0760376512127703     
   412.00000000000000        3.1301982328916540     
   413.00000000000000        2.2490527554777953     
   414.00000000000000        1.4282122556782855     
   415.00000000000000       0.66358590824847319     
   416.00000000000000        4.8639293628930477E-002
   417.00000000000000       0.71201744771532405     
   418.00000000000000        1.3298613613517669     
   419.00000000000000        1.9052589678764813     
   420.00000000000000        2.3116201348977312     
   421.00000000000000        19.548757465251562     
   422.00000000000000        19.588227362381456     
   423.00000000000000        19.640672247395408     
   424.00000000000000        19.711446826318387     
   425.00000000000000        19.808114930207964     
   426.00000000000000        19.941360776284618     
   427.00000000000000        20.126275983312375     
   428.00000000000000        20.384177140802151     
   429.00000000000000        20.745172369865983     
   430.00000000000000        21.086518547474043     
   431.00000000000000        10.978625798428212     
   432.00000000000000        10.998276906422754     
   433.00000000000000        11.019827702654240     
   434.00000000000000        11.043589710298374     
   435.00000000000000        11.069925321634388     
   436.00000000000000        11.099256108685879     
   437.00000000000000        11.132072486857350     
   438.00000000000000        11.168944948740997     
   439.00000000000000        11.210537147847035     
   440.00000000000000        11.270717316046264     
   441.00000000000000        12.206647206936220     
   442.00000000000000        12.332006600511193     
   443.00000000000000        12.478689319645863     
   444.00000000000000        12.650568635677315     
   445.00000000000000        12.852221079842440     
   446.00000000000000        13.089054105122694     
   447.00000000000000        13.367456912540545     
   448.00000000000000        13.694978632466055     
   449.00000000000000        14.080538833525649     
   450.00000000000000        14.462161863562216     
   451.00000000000000        12.093989954398875     
   452.00000000000000        12.359069050035693     
   453.00000000000000        12.656380498241374     
   454.00000000000000        12.989965175644381     
   455.00000000000000        13.364370349170681     
   456.00000000000000        13.784713120869373     
   457.00000000000000        14.256751822386484     
   458.00000000000000        14.786966349403503     
   459.00000000000000        15.382648548914569     
   460.00000000000000        15.692937201514317     
   461.00000000000000        6.9111872587157812     
   462.00000000000000        6.2163728389945359     
   463.00000000000000        5.5435536305653468     
   464.00000000000000        4.8920417314677920     
   465.00000000000000        4.2611707581623985     
   466.00000000000000        3.6502951761742146     
   467.00000000000000        3.0587896519552591     
   468.00000000000000        2.4860484173433330     
   469.00000000000000        1.9314846538993333     
   470.00000000000000        1.5407477240563050     
   471.00000000000000        11.956006635588608     
   472.00000000000000        12.043799664226972     
   473.00000000000000        12.144740634560755     
   474.00000000000000        12.260983860326231     
   475.00000000000000        12.395036452379150     
   476.00000000000000        12.549816086604675     
   477.00000000000000        12.728718227490996     
   478.00000000000000        12.935694363336982     
   479.00000000000000        13.175343037578161     
   480.00000000000000        13.319086612196610     
   481.00000000000000        6.9223902158416442     
   482.00000000000000        6.6863668153451163     
   483.00000000000000        6.4397088903315778     
   484.00000000000000        6.1819534120206248     
   485.00000000000000        5.9126171372437959     
   486.00000000000000        5.6311957365953713     
   487.00000000000000        5.3371628700937110     
   488.00000000000000        5.0299692210061648     
   489.00000000000000        4.7090414980254920     
   490.00000000000000        4.4752681663172931     
   491.00000000000000        16.630676458361854     
   492.00000000000000        16.710987807755775     
   493.00000000000000        16.812258879108764     
   494.00000000000000        16.940509087248483     
   495.00000000000000        17.103486117251727     
   496.00000000000000        17.311162044544755     
   497.00000000000000        17.576371809581801     
   498.00000000000000        17.915634844585732     
   499.00000000000000        18.350212339983351     
   500.00000000000000        18.690437297053126     
   501.00000000000000        7.4443811791132131     
   502.00000000000000        7.2527255279752252     
   503.00000000000000        7.0486958493541350     
   504.00000000000000        6.8315239089686974     
   505.00000000000000        6.6003937080455284     
   506.00000000000000        6.3544385087562789     
   507.00000000000000        6.0927376832336160     
   508.00000000000000        5.8143133609571773     
   509.00000000000000        5.5181268703401622     
   510.00000000000000        5.2627267847078238     
   511.00000000000000        13.831974777283349     
   512.00000000000000        13.715766263995615     
   513.00000000000000        13.571049969138683     
   514.00000000000000        13.391240947353040     
   515.00000000000000        13.168232650672532     
   516.00000000000000        12.892045165234451     
   517.00000000000000        12.550392019272378     
   518.00000000000000        12.128146682025344     
   519.00000000000000        11.606685468948617     
   520.00000000000000        11.041343287309383     
   521.00000000000000       0.18134860526590760     
   522.00000000000000       0.66173990599012089     
   523.00000000000000        1.1555497397487013     
   524.00000000000000        1.6631467062796530     
   525.00000000000000        2.1849095666665064     
   526.00000000000000        2.7212275254787728     
   527.00000000000000        3.2725005310963944     
   528.00000000000000        3.8391395676279831     
   529.00000000000000        4.4215669607372581     
   530.00000000000000        5.4239177333602431     
   531.00000000000000        4.6906502070865912     
   532.00000000000000        1.8001017206429888     
   533.00000000000000        1.8553284482822165     
   534.00000000000000        6.4780368417366461     
   535.00000000000000        12.324337640303719     
   536.00000000000000        19.719116235277671     
   537.00000000000000        29.074735363828538     
   538.00000000000000        40.915727067344363     
   539.00000000000000        55.911750492384144     
   540.00000000000000        71.061268370841020     
   541.00000000000000        89.852258145402615     
   542.00000000000000        99.101417910216512     
   543.00000000000000        109.23322500912244     
   544.00000000000000        120.35760170817636     
   545.00000000000000        132.62753114396224     
   546.00000000000000        146.30077944856171     
   547.00000000000000        161.97599961131164     
   548.00000000000000        182.01264329081602     
   549.00000000000000        281.08789190243590     
   550.00000000000000        0.0000000000000000     
