   0.0000000000000000       0.24036594624999999     
   1.0000000000000000       0.58646378499999996     
   2.0000000000000000       0.21146378499999999     
   3.0000000000000000       0.21146378499999999     
   4.0000000000000000       0.21146378499999999     
   5.0000000000000000       0.21146378499999999     
   6.0000000000000000       0.21146378499999999     
   7.0000000000000000       0.21146378499999999     
   8.0000000000000000       0.21146378499999999     
   9.0000000000000000       0.21146378499999999     
   10.000000000000000       0.21146378499999999     
   11.000000000000000        6.6960582000000005E-002
   12.000000000000000        6.6960582000000005E-002
   13.000000000000000        6.6960582000000005E-002
   14.000000000000000        6.6960582000000005E-002
   15.000000000000000        6.6960582000000005E-002
   16.000000000000000        6.6960582000000005E-002
   17.000000000000000        6.6960582000000005E-002
   18.000000000000000        6.6960582000000005E-002
   19.000000000000000        6.6960582000000005E-002
   20.000000000000000        6.6960582000000005E-002
   21.000000000000000        1.0482877999999999E-002
   22.000000000000000        1.0482877999999999E-002
   23.000000000000000        1.0482877999999999E-002
   24.000000000000000        1.0482877999999999E-002
   25.000000000000000        1.0482877999999999E-002
   26.000000000000000        1.0482877999999999E-002
   27.000000000000000        1.0482877999999999E-002
   28.000000000000000        1.0482877999999999E-002
   29.000000000000000        1.0482877999999999E-002
   30.000000000000000        1.0482877999999999E-002
   31.000000000000000       0.11217765600000000     
   32.000000000000000       0.11217765600000000     
   33.000000000000000       0.11217765600000000     
   34.000000000000000       0.11217765600000000     
   35.000000000000000       0.11217765600000000     
   36.000000000000000       0.11217765600000000     
   37.000000000000000       0.11217765600000000     
   38.000000000000000       0.11217765600000000     
   39.000000000000000       0.11217765600000000     
   40.000000000000000       0.11217765600000000     
   41.000000000000000       0.10444874300000000     
   42.000000000000000       0.10444874300000000     
   43.000000000000000       0.10444874300000000     
   44.000000000000000       0.10444874300000000     
   45.000000000000000       0.10444874300000000     
   46.000000000000000       0.10444874300000000     
   47.000000000000000       0.10444874300000000     
   48.000000000000000       0.10444874300000000     
   49.000000000000000       0.10444874300000000     
   50.000000000000000       0.10444874300000000     
   51.000000000000000       0.18388314100000000     
   52.000000000000000       0.18388314100000000     
   53.000000000000000       0.18388314100000000     
   54.000000000000000       0.18388314100000000     
   55.000000000000000       0.18388314100000000     
   56.000000000000000       0.18388314100000000     
   57.000000000000000       0.18388314100000000     
   58.000000000000000       0.18388314100000000     
   59.000000000000000       0.18388314100000000     
   60.000000000000000       0.18388314100000000     
   61.000000000000000       0.30633035800000002     
   62.000000000000000       0.30633035800000002     
   63.000000000000000       0.30633035800000002     
   64.000000000000000       0.30633035800000002     
   65.000000000000000       0.30633035800000002     
   66.000000000000000       0.30633035800000002     
   67.000000000000000       0.30633035800000002     
   68.000000000000000       0.30633035800000002     
   69.000000000000000       0.30633035800000002     
   70.000000000000000       0.30633035800000002     
   71.000000000000000       0.62867609599999996     
   72.000000000000000       0.62867609599999996     
   73.000000000000000       0.62867609599999996     
   74.000000000000000       0.62867609599999996     
   75.000000000000000       0.62867609599999996     
   76.000000000000000       0.62867609599999996     
   77.000000000000000       0.62867609599999996     
   78.000000000000000       0.62867609599999996     
   79.000000000000000       0.62867609599999996     
   80.000000000000000       0.62867609599999996     
   81.000000000000000       0.11027024900000000     
   82.000000000000000       0.11027024900000000     
   83.000000000000000       0.11027024900000000     
   84.000000000000000       0.11027024900000000     
   85.000000000000000       0.11027024900000000     
   86.000000000000000       0.11027024900000000     
   87.000000000000000       0.11027024900000000     
   88.000000000000000       0.11027024900000000     
   89.000000000000000       0.11027024900000000     
   90.000000000000000       0.11027024900000000     
   91.000000000000000       0.11825363600000000     
   92.000000000000000       0.11825363600000000     
   93.000000000000000       0.11825363600000000     
   94.000000000000000       0.11825363600000000     
   95.000000000000000       0.11825363600000000     
   96.000000000000000       0.11825363600000000     
   97.000000000000000       0.11825363600000000     
   98.000000000000000       0.11825363600000000     
   99.000000000000000       0.11825363600000000     
   100.00000000000000       0.11825363600000000     
   101.00000000000000       0.13236567799999999     
   102.00000000000000       0.13236567799999999     
   103.00000000000000       0.13236567799999999     
   104.00000000000000       0.13236567799999999     
   105.00000000000000       0.13236567799999999     
   106.00000000000000       0.13236567799999999     
   107.00000000000000       0.13236567799999999     
   108.00000000000000       0.13236567799999999     
   109.00000000000000       0.13236567799999999     
   110.00000000000000       0.13236567799999999     
   111.00000000000000       0.13271836900000000     
   112.00000000000000       0.13271836900000000     
   113.00000000000000       0.13271836900000000     
   114.00000000000000       0.13271836900000000     
   115.00000000000000       0.13271836900000000     
   116.00000000000000       0.13271836900000000     
   117.00000000000000       0.13271836900000000     
   118.00000000000000       0.13271836900000000     
   119.00000000000000       0.13271836900000000     
   120.00000000000000       0.13271836900000000     
   121.00000000000000       0.14555198000000000     
   122.00000000000000       0.14555198000000000     
   123.00000000000000       0.14555198000000000     
   124.00000000000000       0.14555198000000000     
   125.00000000000000       0.14555198000000000     
   126.00000000000000       0.14555198000000000     
   127.00000000000000       0.14555198000000000     
   128.00000000000000       0.14555198000000000     
   129.00000000000000       0.14555198000000000     
   130.00000000000000       0.14555198000000000     
   131.00000000000000        9.2850189000000000E-002
   132.00000000000000        9.2850189000000000E-002
   133.00000000000000        9.2850189000000000E-002
   134.00000000000000        9.2850189000000000E-002
   135.00000000000000        9.2850189000000000E-002
   136.00000000000000        9.2850189000000000E-002
   137.00000000000000        9.2850189000000000E-002
   138.00000000000000        9.2850189000000000E-002
   139.00000000000000        9.2850189000000000E-002
   140.00000000000000        9.2850189000000000E-002
   141.00000000000000       0.15619920100000001     
   142.00000000000000       0.15619920100000001     
   143.00000000000000       0.15619920100000001     
   144.00000000000000       0.15619920100000001     
   145.00000000000000       0.15619920100000001     
   146.00000000000000       0.15619920100000001     
   147.00000000000000       0.15619920100000001     
   148.00000000000000       0.15619920100000001     
   149.00000000000000       0.15619920100000001     
   150.00000000000000       0.15619920100000001     
   151.00000000000000       0.15696648999999999     
   152.00000000000000       0.15696648999999999     
   153.00000000000000       0.15696648999999999     
   154.00000000000000       0.15696648999999999     
   155.00000000000000       0.15696648999999999     
   156.00000000000000       0.15696648999999999     
   157.00000000000000       0.15696648999999999     
   158.00000000000000       0.15696648999999999     
   159.00000000000000       0.15696648999999999     
   160.00000000000000       0.15696648999999999     
   161.00000000000000       0.15696648999999999     
   162.00000000000000       0.15696648999999999     
   163.00000000000000       0.15696648999999999     
   164.00000000000000       0.15696648999999999     
   165.00000000000000       0.15696648999999999     
   166.00000000000000       0.15696648999999999     
   167.00000000000000       0.15696648999999999     
   168.00000000000000       0.15696648999999999     
   169.00000000000000       0.15696648999999999     
   170.00000000000000       0.15696648999999999     
   171.00000000000000       0.15696648999999999     
   172.00000000000000       0.15696648999999999     
   173.00000000000000       0.15696648999999999     
   174.00000000000000       0.15696648999999999     
   175.00000000000000       0.15696648999999999     
   176.00000000000000       0.15696648999999999     
   177.00000000000000       0.15696648999999999     
   178.00000000000000       0.15696648999999999     
   179.00000000000000       0.15696648999999999     
   180.00000000000000       0.15696648999999999     
   181.00000000000000       0.26136581700000000     
   182.00000000000000       0.26136581700000000     
   183.00000000000000       0.26136581700000000     
   184.00000000000000       0.26136581700000000     
   185.00000000000000       0.26136581700000000     
   186.00000000000000       0.26136581700000000     
   187.00000000000000       0.26136581700000000     
   188.00000000000000       0.26136581700000000     
   189.00000000000000       0.26136581700000000     
   190.00000000000000       0.26136581700000000     
   191.00000000000000       0.51425751900000005     
   192.00000000000000       0.51425751900000005     
   193.00000000000000       0.51425751900000005     
   194.00000000000000       0.51425751900000005     
   195.00000000000000       0.51425751900000005     
   196.00000000000000       0.51425751900000005     
   197.00000000000000       0.51425751900000005     
   198.00000000000000       0.51425751900000005     
   199.00000000000000       0.51425751900000005     
   200.00000000000000       0.51425751900000005     
   201.00000000000000       0.21088595299999999     
   202.00000000000000       0.21088595299999999     
   203.00000000000000       0.21088595299999999     
   204.00000000000000       0.21088595299999999     
   205.00000000000000       0.21088595299999999     
   206.00000000000000       0.21088595299999999     
   207.00000000000000       0.21088595299999999     
   208.00000000000000       0.21088595299999999     
   209.00000000000000       0.21088595299999999     
   210.00000000000000       0.21088595299999999     
   211.00000000000000       0.13373345900000000     
   212.00000000000000       0.13373345900000000     
   213.00000000000000       0.13373345900000000     
   214.00000000000000       0.13373345900000000     
   215.00000000000000       0.13373345900000000     
   216.00000000000000       0.13373345900000000     
   217.00000000000000       0.13373345900000000     
   218.00000000000000       0.13373345900000000     
   219.00000000000000       0.13373345900000000     
   220.00000000000000       0.13373345900000000     
   221.00000000000000       0.13755492699999999     
   222.00000000000000       0.13755492699999999     
   223.00000000000000       0.13755492699999999     
   224.00000000000000       0.13755492699999999     
   225.00000000000000       0.13755492699999999     
   226.00000000000000       0.13755492699999999     
   227.00000000000000       0.13755492699999999     
   228.00000000000000       0.13755492699999999     
   229.00000000000000       0.13755492699999999     
   230.00000000000000       0.13755492699999999     
   231.00000000000000        6.2738752999999994E-002
   232.00000000000000        6.2738752999999994E-002
   233.00000000000000        6.2738752999999994E-002
   234.00000000000000        6.2738752999999994E-002
   235.00000000000000        6.2738752999999994E-002
   236.00000000000000        6.2738752999999994E-002
   237.00000000000000        6.2738752999999994E-002
   238.00000000000000        6.2738752999999994E-002
   239.00000000000000        6.2738752999999994E-002
   240.00000000000000        6.2738752999999994E-002
   241.00000000000000       0.22007115899999999     
   242.00000000000000       0.22007115899999999     
   243.00000000000000       0.22007115899999999     
   244.00000000000000       0.22007115899999999     
   245.00000000000000       0.22007115899999999     
   246.00000000000000       0.22007115899999999     
   247.00000000000000       0.22007115899999999     
   248.00000000000000       0.22007115899999999     
   249.00000000000000       0.22007115899999999     
   250.00000000000000       0.22007115899999999     
   251.00000000000000       0.18024710899999999     
   252.00000000000000       0.18024710899999999     
   253.00000000000000       0.18024710899999999     
   254.00000000000000       0.18024710899999999     
   255.00000000000000       0.18024710899999999     
   256.00000000000000       0.18024710899999999     
   257.00000000000000       0.18024710899999999     
   258.00000000000000       0.18024710899999999     
   259.00000000000000       0.18024710899999999     
   260.00000000000000       0.18024710899999999     
   261.00000000000000        7.1549590999999996E-002
   262.00000000000000        7.1549590999999996E-002
   263.00000000000000        7.1549590999999996E-002
   264.00000000000000        7.1549590999999996E-002
   265.00000000000000        7.1549590999999996E-002
   266.00000000000000        7.1549590999999996E-002
   267.00000000000000        7.1549590999999996E-002
   268.00000000000000        7.1549590999999996E-002
   269.00000000000000        7.1549590999999996E-002
   270.00000000000000        7.1549590999999996E-002
   271.00000000000000       0.34105129000000001     
   272.00000000000000       0.34105129000000001     
   273.00000000000000       0.34105129000000001     
   274.00000000000000       0.34105129000000001     
   275.00000000000000       0.34105129000000001     
   276.00000000000000       0.34105129000000001     
   277.00000000000000       0.34105129000000001     
   278.00000000000000       0.34105129000000001     
   279.00000000000000       0.34105129000000001     
   280.00000000000000       0.34105129000000001     
   281.00000000000000       0.18210908700000000     
   282.00000000000000       0.18210908700000000     
   283.00000000000000       0.18210908700000000     
   284.00000000000000       0.18210908700000000     
   285.00000000000000       0.18210908700000000     
   286.00000000000000       0.18210908700000000     
   287.00000000000000       0.18210908700000000     
   288.00000000000000       0.18210908700000000     
   289.00000000000000       0.18210908700000000     
   290.00000000000000       0.18210908700000000     
   291.00000000000000       0.13155893399999999     
   292.00000000000000       0.13155893399999999     
   293.00000000000000       0.13155893399999999     
   294.00000000000000       0.13155893399999999     
   295.00000000000000       0.13155893399999999     
   296.00000000000000       0.13155893399999999     
   297.00000000000000       0.13155893399999999     
   298.00000000000000       0.13155893399999999     
   299.00000000000000       0.13155893399999999     
   300.00000000000000       0.13155893399999999     
   301.00000000000000        8.7380759999999991E-003
   302.00000000000000        8.7380759999999991E-003
   303.00000000000000        8.7380759999999991E-003
   304.00000000000000        8.7380759999999991E-003
   305.00000000000000        8.7380759999999991E-003
   306.00000000000000        8.7380759999999991E-003
   307.00000000000000        8.7380759999999991E-003
   308.00000000000000        8.7380759999999991E-003
   309.00000000000000        8.7380759999999991E-003
   310.00000000000000        8.7380759999999991E-003
   311.00000000000000       0.20998410600000000     
   312.00000000000000       0.20998410600000000     
   313.00000000000000       0.20998410600000000     
   314.00000000000000       0.20998410600000000     
   315.00000000000000       0.20998410600000000     
   316.00000000000000       0.20998410600000000     
   317.00000000000000       0.20998410600000000     
   318.00000000000000       0.20998410600000000     
   319.00000000000000       0.20998410600000000     
   320.00000000000000       0.20998410600000000     
   321.00000000000000       0.19589408999999999     
   322.00000000000000       0.19589408999999999     
   323.00000000000000       0.19589408999999999     
   324.00000000000000       0.19589408999999999     
   325.00000000000000       0.19589408999999999     
   326.00000000000000       0.19589408999999999     
   327.00000000000000       0.19589408999999999     
   328.00000000000000       0.19589408999999999     
   329.00000000000000       0.19589408999999999     
   330.00000000000000       0.19589408999999999     
   331.00000000000000       0.13574261800000001     
   332.00000000000000       0.13574261800000001     
   333.00000000000000       0.13574261800000001     
   334.00000000000000       0.13574261800000001     
   335.00000000000000       0.13574261800000001     
   336.00000000000000       0.13574261800000001     
   337.00000000000000       0.13574261800000001     
   338.00000000000000       0.13574261800000001     
   339.00000000000000       0.13574261800000001     
   340.00000000000000       0.13574261800000001     
   341.00000000000000       0.14906262600000000     
   342.00000000000000       0.14906262600000000     
   343.00000000000000       0.14906262600000000     
   344.00000000000000       0.14906262600000000     
   345.00000000000000       0.14906262600000000     
   346.00000000000000       0.14906262600000000     
   347.00000000000000       0.14906262600000000     
   348.00000000000000       0.14906262600000000     
   349.00000000000000       0.14906262600000000     
   350.00000000000000       0.14906262600000000     
   351.00000000000000       0.18584973799999999     
   352.00000000000000       0.18584973799999999     
   353.00000000000000       0.18584973799999999     
   354.00000000000000       0.18584973799999999     
   355.00000000000000       0.18584973799999999     
   356.00000000000000       0.18584973799999999     
   357.00000000000000       0.18584973799999999     
   358.00000000000000       0.18584973799999999     
   359.00000000000000       0.18584973799999999     
   360.00000000000000       0.18584973799999999     
   361.00000000000000       0.23297269600000001     
   362.00000000000000       0.23297269600000001     
   363.00000000000000       0.23297269600000001     
   364.00000000000000       0.23297269600000001     
   365.00000000000000       0.23297269600000001     
   366.00000000000000       0.23297269600000001     
   367.00000000000000       0.23297269600000001     
   368.00000000000000       0.23297269600000001     
   369.00000000000000       0.23297269600000001     
   370.00000000000000       0.23297269600000001     
   371.00000000000000       0.22893602299999999     
   372.00000000000000       0.22893602299999999     
   373.00000000000000       0.22893602299999999     
   374.00000000000000       0.22893602299999999     
   375.00000000000000       0.22893602299999999     
   376.00000000000000       0.22893602299999999     
   377.00000000000000       0.22893602299999999     
   378.00000000000000       0.22893602299999999     
   379.00000000000000       0.22893602299999999     
   380.00000000000000       0.22893602299999999     
   381.00000000000000       0.12892211000000001     
   382.00000000000000       0.12892211000000001     
   383.00000000000000       0.12892211000000001     
   384.00000000000000       0.12892211000000001     
   385.00000000000000       0.12892211000000001     
   386.00000000000000       0.12892211000000001     
   387.00000000000000       0.12892211000000001     
   388.00000000000000       0.12892211000000001     
   389.00000000000000       0.12892211000000001     
   390.00000000000000       0.12892211000000001     
   391.00000000000000       0.16619396200000000     
   392.00000000000000       0.16619396200000000     
   393.00000000000000       0.16619396200000000     
   394.00000000000000       0.16619396200000000     
   395.00000000000000       0.16619396200000000     
   396.00000000000000       0.16619396200000000     
   397.00000000000000       0.16619396200000000     
   398.00000000000000       0.16619396200000000     
   399.00000000000000       0.16619396200000000     
   400.00000000000000       0.16619396200000000     
   401.00000000000000        6.5086470000000002E-003
   402.00000000000000        6.5086470000000002E-003
   403.00000000000000        6.5086470000000002E-003
   404.00000000000000        6.5086470000000002E-003
   405.00000000000000        6.5086470000000002E-003
   406.00000000000000        6.5086470000000002E-003
   407.00000000000000        6.5086470000000002E-003
   408.00000000000000        6.5086470000000002E-003
   409.00000000000000        6.5086470000000002E-003
   410.00000000000000        6.5086470000000002E-003
   411.00000000000000        7.0478581999999998E-002
   412.00000000000000        7.0478581999999998E-002
   413.00000000000000        7.0478581999999998E-002
   414.00000000000000        7.0478581999999998E-002
   415.00000000000000        7.0478581999999998E-002
   416.00000000000000        7.0478581999999998E-002
   417.00000000000000        7.0478581999999998E-002
   418.00000000000000        7.0478581999999998E-002
   419.00000000000000        7.0478581999999998E-002
   420.00000000000000        7.0478581999999998E-002
   421.00000000000000       0.34341552100000000     
   422.00000000000000       0.34341552100000000     
   423.00000000000000       0.34341552100000000     
   424.00000000000000       0.34341552100000000     
   425.00000000000000       0.34341552100000000     
   426.00000000000000       0.34341552100000000     
   427.00000000000000       0.34341552100000000     
   428.00000000000000       0.34341552100000000     
   429.00000000000000       0.34341552100000000     
   430.00000000000000       0.34341552100000000     
   431.00000000000000       0.15158005799999999     
   432.00000000000000       0.15158005799999999     
   433.00000000000000       0.15158005799999999     
   434.00000000000000       0.15158005799999999     
   435.00000000000000       0.15158005799999999     
   436.00000000000000       0.15158005799999999     
   437.00000000000000       0.15158005799999999     
   438.00000000000000       0.15158005799999999     
   439.00000000000000       0.15158005799999999     
   440.00000000000000       0.15158005799999999     
   441.00000000000000       0.16714424700000000     
   442.00000000000000       0.16714424700000000     
   443.00000000000000       0.16714424700000000     
   444.00000000000000       0.16714424700000000     
   445.00000000000000       0.16714424700000000     
   446.00000000000000       0.16714424700000000     
   447.00000000000000       0.16714424700000000     
   448.00000000000000       0.16714424700000000     
   449.00000000000000       0.16714424700000000     
   450.00000000000000       0.16714424700000000     
   451.00000000000000       0.11841438800000000     
   452.00000000000000       0.11841438800000000     
   453.00000000000000       0.11841438800000000     
   454.00000000000000       0.11841438800000000     
   455.00000000000000       0.11841438800000000     
   456.00000000000000       0.11841438800000000     
   457.00000000000000       0.11841438800000000     
   458.00000000000000       0.11841438800000000     
   459.00000000000000       0.11841438800000000     
   460.00000000000000       0.11841438800000000     
   461.00000000000000        3.1964279999999998E-002
   462.00000000000000        3.1964279999999998E-002
   463.00000000000000        3.1964279999999998E-002
   464.00000000000000        3.1964279999999998E-002
   465.00000000000000        3.1964279999999998E-002
   466.00000000000000        3.1964279999999998E-002
   467.00000000000000        3.1964279999999998E-002
   468.00000000000000        3.1964279999999998E-002
   469.00000000000000        3.1964279999999998E-002
   470.00000000000000        3.1964279999999998E-002
   471.00000000000000       0.15194861900000001     
   472.00000000000000       0.15194861900000001     
   473.00000000000000       0.15194861900000001     
   474.00000000000000       0.15194861900000001     
   475.00000000000000       0.15194861900000001     
   476.00000000000000       0.15194861900000001     
   477.00000000000000       0.15194861900000001     
   478.00000000000000       0.15194861900000001     
   479.00000000000000       0.15194861900000001     
   480.00000000000000       0.15194861900000001     
   481.00000000000000        4.2863014999999997E-002
   482.00000000000000        4.2863014999999997E-002
   483.00000000000000        4.2863014999999997E-002
   484.00000000000000        4.2863014999999997E-002
   485.00000000000000        4.2863014999999997E-002
   486.00000000000000        4.2863014999999997E-002
   487.00000000000000        4.2863014999999997E-002
   488.00000000000000        4.2863014999999997E-002
   489.00000000000000        4.2863014999999997E-002
   490.00000000000000        4.2863014999999997E-002
   491.00000000000000       0.25202587999999998     
   492.00000000000000       0.25202587999999998     
   493.00000000000000       0.25202587999999998     
   494.00000000000000       0.25202587999999998     
   495.00000000000000       0.25202587999999998     
   496.00000000000000       0.25202587999999998     
   497.00000000000000       0.25202587999999998     
   498.00000000000000       0.25202587999999998     
   499.00000000000000       0.25202587999999998     
   500.00000000000000       0.25202587999999998     
   501.00000000000000        6.0498791000000003E-002
   502.00000000000000        6.0498791000000003E-002
   503.00000000000000        6.0498791000000003E-002
   504.00000000000000        6.0498791000000003E-002
   505.00000000000000        6.0498791000000003E-002
   506.00000000000000        6.0498791000000003E-002
   507.00000000000000        6.0498791000000003E-002
   508.00000000000000        6.0498791000000003E-002
   509.00000000000000        6.0498791000000003E-002
   510.00000000000000        6.0498791000000003E-002
   511.00000000000000       0.20781309400000000     
   512.00000000000000       0.20781309400000000     
   513.00000000000000       0.20781309400000000     
   514.00000000000000       0.20781309400000000     
   515.00000000000000       0.20781309400000000     
   516.00000000000000       0.20781309400000000     
   517.00000000000000       0.20781309400000000     
   518.00000000000000       0.20781309400000000     
   519.00000000000000       0.20781309400000000     
   520.00000000000000       0.20781309400000000     
   521.00000000000000        2.7225316999999999E-002
   522.00000000000000        2.7225316999999999E-002
   523.00000000000000        2.7225316999999999E-002
   524.00000000000000        2.7225316999999999E-002
   525.00000000000000        2.7225316999999999E-002
   526.00000000000000        2.7225316999999999E-002
   527.00000000000000        2.7225316999999999E-002
   528.00000000000000        2.7225316999999999E-002
   529.00000000000000        2.7225316999999999E-002
   530.00000000000000        2.7225316999999999E-002
   531.00000000000000       0.23367806799999999     
   532.00000000000000       0.23367806799999999     
   533.00000000000000       0.23367806799999999     
   534.00000000000000       0.23367806799999999     
   535.00000000000000       0.23367806799999999     
   536.00000000000000       0.23367806799999999     
   537.00000000000000       0.23367806799999999     
   538.00000000000000       0.23367806799999999     
   539.00000000000000       0.23367806799999999     
   540.00000000000000       0.23367806799999999     
   541.00000000000000        8.7267774000000006E-002
   542.00000000000000        8.7267774000000006E-002
   543.00000000000000        8.7267774000000006E-002
   544.00000000000000        8.7267774000000006E-002
   545.00000000000000        8.7267774000000006E-002
   546.00000000000000        8.7267774000000006E-002
   547.00000000000000        8.7267774000000006E-002
   548.00000000000000        8.7267774000000006E-002
   549.00000000000000       0.41273222599999998     
   550.00000000000000        0.0000000000000000     
