   0.0000000000000000        1.0000000000000000E-004
   1.0000000000000000E-004   1.0600000000000002E-004
   2.0600000000000002E-004   1.1236000000000002E-004
   3.1836000000000006E-004   1.1910160000000003E-004
   4.3746160000000009E-004   1.2624769600000002E-004
   5.6370929600000014E-004   1.3382255776000005E-004
   6.9753185376000013E-004   1.4185191122560004E-004
   8.3938376498560023E-004   1.5036302589913606E-004
   9.8974679088473629E-004   1.5938480745308423E-004
   1.1491315983378205E-003   1.6894789590026930E-004
   1.3180794942380899E-003   1.7908476965428546E-004
   1.4971642638923754E-003   1.8982985583354260E-004
   1.6869941197259180E-003   2.0121964718355516E-004
   1.8882137669094731E-003   2.1329282601456848E-004
   2.1015065929240414E-003   2.2609039557544260E-004
   2.3275969884994840E-003   2.3965581930996917E-004
   2.5672528078094533E-003   2.5403516846856733E-004
   2.8212879762780207E-003   2.6927727857668137E-004
   3.0905652548547020E-003   2.8543391529128225E-004
   3.3759991701459843E-003   3.0255995020875921E-004
   3.6785591203547436E-003   3.2071354722128476E-004
   3.9992726675760282E-003   3.3995636005456183E-004
   4.3392290276305897E-003   3.6035374165783557E-004
   4.6995827692884254E-003   3.8197496615730573E-004
   5.0815577354457308E-003   4.0489346412674412E-004
   5.4864511995724747E-003   4.2918707197434877E-004
   5.9156382715468232E-003   4.5493829629280973E-004
   6.3705765678396331E-003   4.8223459407037834E-004
   6.8528111619100118E-003   5.1116866971460105E-004
   7.3639798316246126E-003   5.4183878989747718E-004
   7.9058186215220892E-003   5.7434911729132589E-004
   8.4801677388134152E-003   6.0881006432880551E-004
   9.0889778031422210E-003   6.4533866818853387E-004
   9.7343164713307555E-003   6.8405898827984596E-004
   1.0418375459610602E-002   7.2510252757663671E-004
   1.1143477987187239E-002   7.6860867923123500E-004
   1.1912086666418473E-002   8.1472519998510918E-004
   1.2726811866403582E-002   8.6360871198421581E-004
   1.3590420578387798E-002   9.1542523470326885E-004
   1.4505845813091067E-002   9.7035074878546498E-004
   1.5476196561876531E-002   1.0285717937125929E-003
   1.6504768355589124E-002   1.0902861013353485E-003
   1.7595054456924473E-002   1.1557032674154694E-003
   1.8750757724339942E-002   1.2250454634603976E-003
   1.9975803187800338E-002   1.2985481912680214E-003
   2.1274351379068360E-002   1.3764610827441028E-003
   2.2650812461812463E-002   1.4590487477087492E-003
   2.4109861209521213E-002   1.5465916725712742E-003
   2.5656452882092486E-002   1.6393871729255508E-003
   2.7295840055018037E-002   1.7377504033010839E-003
   2.9033590458319120E-002   1.8420154274991489E-003
   3.0875605885818270E-002   1.9525363531490980E-003
   3.2828142238967364E-002   2.0696885343380439E-003
   3.4897830773305411E-002   2.1938698463983266E-003
   3.7091700619703738E-002   2.3255020371822262E-003
   3.9417202656885961E-002   2.4650321594131600E-003
   4.1882234816299123E-002   2.6129340889779499E-003
   4.4495168905277070E-002   2.7697101343166271E-003
   4.7264879039593699E-002   2.9358927423756248E-003
   5.0200771781969321E-002   3.1120463069181626E-003
   5.3312818088887486E-002   3.2987690853332526E-003
   5.6611587174220740E-002   3.4966952304532478E-003
   6.0108282404673988E-002   3.7064969442804430E-003
   6.3814779348954437E-002   3.9288867609372701E-003
   6.7743666109891701E-002   4.1646199665935062E-003
   7.1908286076485209E-002   4.4144971645891165E-003
   7.6322783241074332E-002   4.6793669944644638E-003
   8.1002150235538792E-002   4.9601290141323322E-003
   8.5962279249671120E-002   5.2577367549802726E-003
   9.1220016004651391E-002   5.5732009602790893E-003
   9.6793216964930484E-002   5.9075930178958350E-003
  0.10270080998282632        6.2620485989695858E-003
  0.10896285858179591        6.6377715149077612E-003
  0.11560063009670367        7.0360378058022272E-003
  0.12263666790250589        7.4582000741503611E-003
  0.13009486797665626        7.9056920785993828E-003
  0.13800056005525563        8.3800336033153459E-003
  0.14638059365857098        8.8828356195142667E-003
  0.15526342927808526        9.4158057566851236E-003
  0.16467923503477039        9.9807541020862315E-003
  0.17465998913685662        1.0579599348211406E-002
  0.18523958848506802        1.1214375309104092E-002
  0.19645396379417213        1.1887237827650337E-002
  0.20834120162182246        1.2600472097309358E-002
  0.22094167371913181        1.3356500423147920E-002
  0.23429817414227974        1.4157890448536796E-002
  0.24845606459081654        1.5007363875449004E-002
  0.26346342846626553        1.5907805707975946E-002
  0.27937123417424148        1.6862274050454502E-002
  0.29623350822469596        1.7874010493481772E-002
  0.31410751871817771        1.8946451123090680E-002
  0.33305396984126839        2.0083238190476121E-002
  0.35313720803174453        2.1288232481904690E-002
  0.37442544051364923        2.2565526430818973E-002
  0.39699096694446823        2.3919458016668112E-002
  0.42091042496113634        2.5354625497668200E-002
  0.44626505045880455        2.6875903027528295E-002
  0.47314095348633284        2.8488457209179995E-002
  0.50162941069551281        3.0197764641730795E-002
  0.53182717533724366        3.2009630520234644E-002
  0.56383680585747831        3.3930208351448728E-002
  0.59776701420892708        3.5966020852535655E-002
  0.63373303506146272        3.8123982103687795E-002
  0.67185701716515056        4.0411421029909064E-002
  0.71226843819505958        4.2836106291703611E-002
  0.75510454448676323        4.5406272669205827E-002
  0.80051081715596906        4.8130649029358180E-002
  0.84864146618532721        5.1018487971119672E-002
  0.89965995415644684        5.4079597249386858E-002
  0.95373955140583366        5.7324373084350073E-002
