                    1   0.0000000000000000                            NaN
                    2   4.0000000000000000                            NaN
                    3   8.0000000000000000                            NaN
                    4   12.000000000000000                            NaN
                    5   16.000000000000000                            NaN
                    6   20.000000000000000                            NaN
                    7   24.000000000000000                            NaN
                    8   28.000000000000000                            NaN
                    9   32.000000000000000                            NaN
                   10   36.000000000000000                            NaN
                   11   40.000000000000000                            NaN
                   12   44.000000000000000                            NaN
                   13   48.000000000000000                            NaN
                   14   52.000000000000000                            NaN
                   15   56.000000000000000                            NaN
                   16   60.000000000000000                            NaN
                   17   64.000000000000000                            NaN
                   18   68.000000000000000                            NaN
                   19   72.000000000000000                            NaN
                   20   76.000000000000000                            NaN
                   21   80.000000000000000                            NaN
                   22   84.000000000000000                            NaN
                   23   88.000000000000000                            NaN
                   24   92.000000000000000                            NaN
                   25   96.000000000000000                            NaN
                   26   100.00000000000000                            NaN
                   27   104.00000000000000                            NaN
                   28   108.00000000000000                            NaN
                   29   112.00000000000000                            NaN
                   30   116.00000000000000                            NaN
                   31   120.00000000000000                            NaN
                   32   124.00000000000000                            NaN
                   33   128.00000000000000                            NaN
                   34   132.00000000000000                            NaN
                   35   136.00000000000000                            NaN
                   36   140.00000000000000                            NaN
                   37   144.00000000000000                            NaN
                   38   148.00000000000000                            NaN
                   39   152.00000000000000                            NaN
                   40   156.00000000000000                            NaN
                   41   160.00000000000000                            NaN
                   42   164.00000000000000                            NaN
                   43   168.00000000000000                            NaN
                   44   172.00000000000000                            NaN
                   45   176.00000000000000                            NaN
                   46   180.00000000000000                            NaN
                   47   184.00000000000000                            NaN
                   48   188.00000000000000                            NaN
                   49   192.00000000000000                            NaN
                   50   196.00000000000000                            NaN
                   51   200.00000000000000                            NaN
