                    1   0.0000000000000000        20.000000000000000     
                    2   4.0000000000000000        30.000000000000000     
                    3   8.0000000000000000        30.000000000000000     
                    4   12.000000000000000        30.000000000000000     
                    5   16.000000000000000        30.000000000000000     
                    6   20.000000000000000        30.000000000000000     
                    7   24.000000000000000        30.000000000000000     
                    8   28.000000000000000        30.000000000000000     
                    9   32.000000000000000        30.000000000000000     
                   10   36.000000000000000        30.000000000000000     
                   11   40.000000000000000        30.000000000000000     
                   12   44.000000000000000        30.000000000000000     
                   13   48.000000000000000        30.000000000000000     
                   14   52.000000000000000        30.000000000000000     
                   15   56.000000000000000        30.000000000000000     
                   16   60.000000000000000        30.000000000000000     
                   17   64.000000000000000        30.000000000000000     
                   18   68.000000000000000        30.000000000000000     
                   19   72.000000000000000        30.000000000000000     
                   20   76.000000000000000        30.000000000000000     
                   21   80.000000000000000        30.000000000000000     
                   22   84.000000000000000        30.000000000000000     
                   23   88.000000000000000        30.000000000000000     
                   24   92.000000000000000        30.000000000000000     
                   25   96.000000000000000        30.000000000000000     
                   26   100.00000000000000        30.000000000000000     
                   27   104.00000000000000        30.000000000000000     
                   28   108.00000000000000        30.000000000000000     
                   29   112.00000000000000        30.000000000000000     
                   30   116.00000000000000        30.000000000000000     
                   31   120.00000000000000        30.000000000000000     
                   32   124.00000000000000        30.000000000000000     
                   33   128.00000000000000        30.000000000000000     
                   34   132.00000000000000        30.000000000000000     
                   35   136.00000000000000        30.000000000000000     
                   36   140.00000000000000        30.000000000000000     
                   37   144.00000000000000        30.000000000000000     
                   38   148.00000000000000        30.000000000000000     
                   39   152.00000000000000        30.000000000000000     
                   40   156.00000000000000        30.000000000000000     
                   41   160.00000000000000        30.000000000000000     
                   42   164.00000000000000        30.000000000000000     
                   43   168.00000000000000        30.000000000000000     
                   44   172.00000000000000        30.000000000000000     
                   45   176.00000000000000        30.000000000000000     
                   46   180.00000000000000        30.000000000000000     
                   47   184.00000000000000        30.000000000000000     
                   48   188.00000000000000        30.000000000000000     
                   49   192.00000000000000        30.000000000000000     
                   50   196.00000000000000        30.000000000000000     
                   51   200.00000000000000        20.000000000000000     
