   0.0000000000000000                         1
   1.0000000000000000E-004                    1
   2.0600000000000002E-004                    1
   3.1836000000000006E-004                    1
   4.3746160000000009E-004                    1
   5.6370929600000014E-004                    1
   6.9753185376000013E-004                    1
   8.3938376498560023E-004                    1
   9.8974679088473629E-004                    1
   1.1491315983378205E-003                    1
   1.3180794942380899E-003                    1
   1.4971642638923754E-003                    1
   1.6869941197259180E-003                    1
   1.8882137669094731E-003                    1
   2.1015065929240414E-003                    1
   2.3275969884994840E-003                    1
   2.5672528078094533E-003                    1
   2.8212879762780207E-003                    1
   3.0905652548547020E-003                    1
   3.3759991701459843E-003                    1
   3.6785591203547436E-003                    1
   3.9992726675760282E-003                    1
   4.3392290276305897E-003                    1
   4.6995827692884254E-003                    1
   5.0815577354457308E-003                    1
   5.4864511995724747E-003                    1
   5.9156382715468232E-003                    1
   6.3705765678396331E-003                    1
   6.8528111619100118E-003                    1
   7.3639798316246126E-003                    1
   7.9058186215220892E-003                    1
   8.4801677388134152E-003                    1
   9.0889778031422210E-003                    1
   9.7343164713307555E-003                    1
   1.0418375459610602E-002                    1
   1.1143477987187239E-002                    1
   1.1912086666418473E-002                    1
   1.2726811866403582E-002                    1
   1.3590420578387798E-002                    1
   1.4505845813091067E-002                    1
   1.5476196561876531E-002                    1
   1.6504768355589124E-002                    1
   1.7595054456924473E-002                    1
   1.8750757724339942E-002                    1
   1.9975803187800338E-002                    1
   2.1274351379068360E-002                    1
   2.2650812461812463E-002                    1
   2.4109861209521213E-002                    1
   2.5656452882092486E-002                    1
   2.7295840055018037E-002                    1
   2.9033590458319120E-002                    1
   3.0875605885818270E-002                    1
   3.2828142238967364E-002                    1
   3.4897830773305411E-002                    1
   3.7091700619703738E-002                    1
   3.9417202656885961E-002                    1
   4.1882234816299123E-002                    1
   4.4495168905277070E-002                    1
   4.7264879039593699E-002                    1
   5.0200771781969321E-002                    1
   5.3312818088887486E-002                    1
   5.6611587174220740E-002                    1
   6.0108282404673988E-002                    1
   6.3814779348954437E-002                    1
   6.7743666109891701E-002                    1
   7.1908286076485209E-002                    1
   7.6322783241074332E-002                    1
   8.1002150235538792E-002                    1
   8.5962279249671120E-002                    1
   9.1220016004651391E-002                    1
   9.6793216964930484E-002                    1
  0.10270080998282632                         1
  0.10896285858179591                         1
  0.11560063009670367                         1
  0.12263666790250589                         1
  0.13009486797665626                         1
  0.13800056005525563                         1
  0.14638059365857098                         1
  0.15526342927808526                         1
  0.16467923503477039                         1
  0.17465998913685662                         1
  0.18523958848506802                         1
  0.19645396379417213                         1
  0.20834120162182246                         1
  0.22094167371913181                         1
  0.23429817414227974                         1
  0.24845606459081654                         1
  0.26346342846626553                         1
  0.27937123417424148                         1
  0.29623350822469596                         1
  0.31410751871817771                         1
  0.33305396984126839                         1
  0.35313720803174453                         1
  0.37442544051364923                         1
  0.39699096694446823                         1
  0.42091042496113634                         1
  0.44626505045880455                         1
  0.47314095348633284                         1
  0.50162941069551281                         1
  0.53182717533724366                         1
  0.56383680585747831                         1
  0.59776701420892708                         1
  0.63373303506146272                         1
  0.67185701716515056                         1
  0.71226843819505958                         1
  0.75510454448676323                         1
  0.80051081715596906                         1
  0.84864146618532721                         1
  0.89965995415644684                         1
  0.95373955140583366                         1
