                    1   0.0000000000000000       -2.8972376662102901E-002
                    2   5.0000000000000000       -2.8972376662102901E-002
                    3   10.000000000000000       -2.8972376662102901E-002
                    4   15.000000000000000       -2.8972376662102901E-002
                    5   20.000000000000000       -2.8972376662102901E-002
                    6   25.000000000000000       -2.8972376662102901E-002
                    7   30.000000000000000       -2.8972376662102901E-002
                    8   35.000000000000000       -2.8972376662102901E-002
                    9   40.000000000000000       -2.8972376662102901E-002
                   10   45.000000000000000       -2.8972376662102901E-002
                   11   50.000000000000000       -2.8972376662102901E-002
                   12   55.000000000000000       -2.8972376662102901E-002
                   13   60.000000000000000       -2.8972376662102901E-002
                   14   65.000000000000000       -2.8972376662102901E-002
                   15   70.000000000000000       -2.8972376662102901E-002
                   16   75.000000000000000       -2.8972376662102901E-002
                   17   80.000000000000000       -2.8972376662102901E-002
                   18   85.000000000000000       -2.8972376662102901E-002
                   19   90.000000000000000       -2.8972376662102901E-002
                   20   95.000000000000000       -2.8972376662102901E-002
                   21   100.00000000000000       -2.8972376662102901E-002
                   22   105.00000000000000       -2.8972376662102901E-002
                   23   110.00000000000000       -2.8972376662102901E-002
                   24   115.00000000000000       -2.8972376662102901E-002
                   25   120.00000000000000       -2.8972376662102901E-002
                   26   125.00000000000000       -2.8972376662102901E-002
                   27   130.00000000000000       -2.8972376662102901E-002
                   28   135.00000000000000       -2.8972376662102901E-002
                   29   140.00000000000000       -2.8972376662102901E-002
                   30   145.00000000000000       -2.8972376662102901E-002
                   31   150.00000000000000       -2.8972376662102901E-002
                   32   155.00000000000000       -2.8972376662102901E-002
                   33   160.00000000000000       -2.8972376662102901E-002
                   34   165.00000000000000       -2.8972376662102901E-002
                   35   170.00000000000000       -2.8972376662102901E-002
                   36   175.00000000000000       -2.8972376662102901E-002
                   37   180.00000000000000       -2.8972376662102901E-002
                   38   185.00000000000000       -2.8972376662102901E-002
                   39   190.00000000000000       -2.8972376662102901E-002
                   40   195.00000000000000      -0.60841990990416095     
                   41   200.00000000000000       -164.00000000000000     
