                    1   0.0000000000000000        0.0000000000000000     
                    2   1.0000000000000000        0.0000000000000000     
                    3   2.0000000000000000        0.0000000000000000     
                    4   3.0000000000000000        0.0000000000000000     
                    5   4.0000000000000000        0.0000000000000000     
                    6   5.0000000000000000        0.0000000000000000     
                    7   6.0000000000000000        0.0000000000000000     
                    8   7.0000000000000000        0.0000000000000000     
                    9   8.0000000000000000        0.0000000000000000     
                   10   9.0000000000000000        0.0000000000000000     
                   11   10.000000000000000        0.0000000000000000     
                   12   11.000000000000000        0.0000000000000000     
                   13   12.000000000000000        0.0000000000000000     
                   14   13.000000000000000        0.0000000000000000     
                   15   14.000000000000000        0.0000000000000000     
                   16   15.000000000000000        0.0000000000000000     
                   17   16.000000000000000        0.0000000000000000     
                   18   17.000000000000000        0.0000000000000000     
                   19   18.000000000000000        0.0000000000000000     
                   20   19.000000000000000        0.0000000000000000     
                   21   20.000000000000000        0.0000000000000000     
                   22   21.000000000000000        0.0000000000000000     
                   23   22.000000000000000        0.0000000000000000     
                   24   23.000000000000000        0.0000000000000000     
                   25   24.000000000000000        0.0000000000000000     
                   26   25.000000000000000        0.0000000000000000     
                   27   26.000000000000000        0.0000000000000000     
                   28   27.000000000000000        0.0000000000000000     
                   29   28.000000000000000        0.0000000000000000     
                   30   29.000000000000000        0.0000000000000000     
                   31   30.000000000000000        0.0000000000000000     
                   32   31.000000000000000        0.0000000000000000     
                   33   32.000000000000000        0.0000000000000000     
                   34   33.000000000000000        0.0000000000000000     
                   35   34.000000000000000        0.0000000000000000     
                   36   35.000000000000000        0.0000000000000000     
                   37   36.000000000000000        0.0000000000000000     
                   38   37.000000000000000        0.0000000000000000     
                   39   38.000000000000000        0.0000000000000000     
                   40   39.000000000000000        0.0000000000000000     
                   41   40.000000000000000        0.0000000000000000     
                   42   41.000000000000000        0.0000000000000000     
                   43   42.000000000000000        0.0000000000000000     
                   44   43.000000000000000        0.0000000000000000     
                   45   44.000000000000000        0.0000000000000000     
                   46   45.000000000000000        0.0000000000000000     
                   47   46.000000000000000        0.0000000000000000     
                   48   47.000000000000000        0.0000000000000000     
                   49   48.000000000000000        0.0000000000000000     
                   50   49.000000000000000        0.0000000000000000     
                   51   50.000000000000000        0.0000000000000000     
                   52   51.000000000000000        0.0000000000000000     
                   53   52.000000000000000        0.0000000000000000     
                   54   53.000000000000000        0.0000000000000000     
                   55   54.000000000000000        0.0000000000000000     
                   56   55.000000000000000        0.0000000000000000     
                   57   56.000000000000000        0.0000000000000000     
                   58   57.000000000000000        0.0000000000000000     
                   59   58.000000000000000        0.0000000000000000     
                   60   59.000000000000000        0.0000000000000000     
                   61   60.000000000000000        0.0000000000000000     
                   62   61.000000000000000        0.0000000000000000     
                   63   62.000000000000000        0.0000000000000000     
                   64   63.000000000000000        0.0000000000000000     
                   65   64.000000000000000        0.0000000000000000     
                   66   65.000000000000000        0.0000000000000000     
                   67   66.000000000000000        0.0000000000000000     
                   68   67.000000000000000        0.0000000000000000     
                   69   68.000000000000000        0.0000000000000000     
                   70   69.000000000000000        0.0000000000000000     
                   71   70.000000000000000        0.0000000000000000     
                   72   71.000000000000000        0.0000000000000000     
                   73   72.000000000000000        0.0000000000000000     
                   74   73.000000000000000        0.0000000000000000     
                   75   74.000000000000000        0.0000000000000000     
                   76   75.000000000000000        0.0000000000000000     
                   77   76.000000000000000        0.0000000000000000     
                   78   77.000000000000000        0.0000000000000000     
                   79   78.000000000000000        0.0000000000000000     
                   80   79.000000000000000        0.0000000000000000     
                   81   80.000000000000000        0.0000000000000000     
                   82   81.000000000000000        0.0000000000000000     
                   83   82.000000000000000        0.0000000000000000     
                   84   83.000000000000000        0.0000000000000000     
                   85   84.000000000000000        0.0000000000000000     
                   86   85.000000000000000        0.0000000000000000     
                   87   86.000000000000000        0.0000000000000000     
                   88   87.000000000000000        0.0000000000000000     
                   89   88.000000000000000        0.0000000000000000     
                   90   89.000000000000000        0.0000000000000000     
                   91   90.000000000000000        0.0000000000000000     
                   92   91.000000000000000        0.0000000000000000     
                   93   92.000000000000000        0.0000000000000000     
                   94   93.000000000000000        0.0000000000000000     
                   95   94.000000000000000        0.0000000000000000     
                   96   95.000000000000000        0.0000000000000000     
                   97   96.000000000000000        0.0000000000000000     
                   98   97.000000000000000        0.0000000000000000     
                   99   98.000000000000000        0.0000000000000000     
                  100   99.000000000000000        0.0000000000000000     
                  101   100.00000000000000        0.0000000000000000     
                  102   101.00000000000000        0.0000000000000000     
                  103   102.00000000000000        0.0000000000000000     
                  104   103.00000000000000        0.0000000000000000     
                  105   104.00000000000000        0.0000000000000000     
                  106   105.00000000000000        0.0000000000000000     
                  107   106.00000000000000        0.0000000000000000     
                  108   107.00000000000000        0.0000000000000000     
                  109   108.00000000000000        0.0000000000000000     
                  110   109.00000000000000        0.0000000000000000     
                  111   110.00000000000000        0.0000000000000000     
                  112   111.00000000000000        0.0000000000000000     
                  113   112.00000000000000        0.0000000000000000     
                  114   113.00000000000000        0.0000000000000000     
                  115   114.00000000000000        0.0000000000000000     
                  116   115.00000000000000        0.0000000000000000     
                  117   116.00000000000000        0.0000000000000000     
                  118   117.00000000000000        0.0000000000000000     
                  119   118.00000000000000        0.0000000000000000     
                  120   119.00000000000000        0.0000000000000000     
                  121   120.00000000000000        0.0000000000000000     
                  122   121.00000000000000        0.0000000000000000     
                  123   122.00000000000000        0.0000000000000000     
                  124   123.00000000000000        0.0000000000000000     
                  125   124.00000000000000        0.0000000000000000     
                  126   125.00000000000000        0.0000000000000000     
                  127   126.00000000000000        0.0000000000000000     
                  128   127.00000000000000        0.0000000000000000     
                  129   128.00000000000000        0.0000000000000000     
                  130   129.00000000000000        0.0000000000000000     
                  131   130.00000000000000        0.0000000000000000     
                  132   131.00000000000000        0.0000000000000000     
                  133   132.00000000000000        0.0000000000000000     
                  134   133.00000000000000        0.0000000000000000     
                  135   134.00000000000000        0.0000000000000000     
                  136   135.00000000000000        0.0000000000000000     
                  137   136.00000000000000        0.0000000000000000     
                  138   137.00000000000000        0.0000000000000000     
                  139   138.00000000000000        0.0000000000000000     
                  140   139.00000000000000        0.0000000000000000     
                  141   140.00000000000000        0.0000000000000000     
                  142   141.00000000000000        0.0000000000000000     
                  143   142.00000000000000        0.0000000000000000     
                  144   143.00000000000000        0.0000000000000000     
                  145   144.00000000000000        0.0000000000000000     
                  146   145.00000000000000        0.0000000000000000     
                  147   146.00000000000000        0.0000000000000000     
                  148   147.00000000000000        0.0000000000000000     
                  149   148.00000000000000        0.0000000000000000     
                  150   149.00000000000000        0.0000000000000000     
                  151   150.00000000000000        0.0000000000000000     
                  152   151.00000000000000        0.0000000000000000     
                  153   152.00000000000000        0.0000000000000000     
                  154   153.00000000000000        0.0000000000000000     
                  155   154.00000000000000        0.0000000000000000     
                  156   155.00000000000000        0.0000000000000000     
                  157   156.00000000000000        0.0000000000000000     
                  158   157.00000000000000        0.0000000000000000     
                  159   158.00000000000000        0.0000000000000000     
                  160   159.00000000000000        0.0000000000000000     
                  161   160.00000000000000        0.0000000000000000     
                  162   161.00000000000000        0.0000000000000000     
                  163   162.00000000000000        0.0000000000000000     
                  164   163.00000000000000        0.0000000000000000     
                  165   164.00000000000000        0.0000000000000000     
                  166   165.00000000000000        0.0000000000000000     
                  167   166.00000000000000        0.0000000000000000     
                  168   167.00000000000000        0.0000000000000000     
                  169   168.00000000000000        0.0000000000000000     
                  170   169.00000000000000        0.0000000000000000     
                  171   170.00000000000000        0.0000000000000000     
                  172   171.00000000000000        0.0000000000000000     
                  173   172.00000000000000        0.0000000000000000     
                  174   173.00000000000000        0.0000000000000000     
                  175   174.00000000000000        0.0000000000000000     
                  176   175.00000000000000        0.0000000000000000     
                  177   176.00000000000000        0.0000000000000000     
                  178   177.00000000000000        0.0000000000000000     
                  179   178.00000000000000        0.0000000000000000     
                  180   179.00000000000000        0.0000000000000000     
                  181   180.00000000000000        0.0000000000000000     
                  182   181.00000000000000        0.0000000000000000     
                  183   182.00000000000000        0.0000000000000000     
                  184   183.00000000000000        0.0000000000000000     
                  185   184.00000000000000        0.0000000000000000     
                  186   185.00000000000000        0.0000000000000000     
                  187   186.00000000000000        0.0000000000000000     
                  188   187.00000000000000        0.0000000000000000     
                  189   188.00000000000000        0.0000000000000000     
                  190   189.00000000000000        0.0000000000000000     
                  191   190.00000000000000        0.0000000000000000     
                  192   191.00000000000000        0.0000000000000000     
                  193   192.00000000000000        0.0000000000000000     
                  194   193.00000000000000        0.0000000000000000     
                  195   194.00000000000000        0.0000000000000000     
                  196   195.00000000000000        0.0000000000000000     
                  197   196.00000000000000        0.0000000000000000     
                  198   197.00000000000000        0.0000000000000000     
                  199   198.00000000000000        0.0000000000000000     
                  200   199.00000000000000        0.0000000000000000     
                  201   200.00000000000000        0.0000000000000000     
                  202   201.00000000000000        0.0000000000000000     
                  203   202.00000000000000        0.0000000000000000     
                  204   203.00000000000000        0.0000000000000000     
                  205   204.00000000000000        0.0000000000000000     
                  206   205.00000000000000        0.0000000000000000     
                  207   206.00000000000000        0.0000000000000000     
                  208   207.00000000000000        0.0000000000000000     
                  209   208.00000000000000        0.0000000000000000     
                  210   209.00000000000000        0.0000000000000000     
                  211   210.00000000000000        0.0000000000000000     
                  212   211.00000000000000        0.0000000000000000     
                  213   212.00000000000000        0.0000000000000000     
                  214   213.00000000000000        0.0000000000000000     
                  215   214.00000000000000        0.0000000000000000     
                  216   215.00000000000000        0.0000000000000000     
                  217   216.00000000000000        0.0000000000000000     
                  218   217.00000000000000        0.0000000000000000     
                  219   218.00000000000000        0.0000000000000000     
                  220   219.00000000000000        0.0000000000000000     
                  221   220.00000000000000        0.0000000000000000     
                  222   221.00000000000000        0.0000000000000000     
                  223   222.00000000000000        0.0000000000000000     
                  224   223.00000000000000        0.0000000000000000     
                  225   224.00000000000000        0.0000000000000000     
                  226   225.00000000000000        0.0000000000000000     
                  227   226.00000000000000        0.0000000000000000     
                  228   227.00000000000000        0.0000000000000000     
                  229   228.00000000000000        0.0000000000000000     
                  230   229.00000000000000        0.0000000000000000     
                  231   230.00000000000000        0.0000000000000000     
                  232   231.00000000000000        0.0000000000000000     
                  233   232.00000000000000        0.0000000000000000     
                  234   233.00000000000000        0.0000000000000000     
                  235   234.00000000000000        0.0000000000000000     
                  236   235.00000000000000        0.0000000000000000     
                  237   236.00000000000000        0.0000000000000000     
                  238   237.00000000000000        0.0000000000000000     
                  239   238.00000000000000        0.0000000000000000     
                  240   239.00000000000000        0.0000000000000000     
                  241   240.00000000000000        0.0000000000000000     
                  242   241.00000000000000        0.0000000000000000     
                  243   242.00000000000000        0.0000000000000000     
                  244   243.00000000000000        0.0000000000000000     
                  245   244.00000000000000        0.0000000000000000     
                  246   245.00000000000000        0.0000000000000000     
                  247   246.00000000000000        0.0000000000000000     
                  248   247.00000000000000        0.0000000000000000     
                  249   248.00000000000000        0.0000000000000000     
                  250   249.00000000000000        0.0000000000000000     
                  251   250.00000000000000        0.0000000000000000     
                  252   251.00000000000000        0.0000000000000000     
                  253   252.00000000000000        0.0000000000000000     
                  254   253.00000000000000        0.0000000000000000     
                  255   254.00000000000000        0.0000000000000000     
                  256   255.00000000000000        0.0000000000000000     
                  257   256.00000000000000        0.0000000000000000     
                  258   257.00000000000000        0.0000000000000000     
                  259   258.00000000000000        0.0000000000000000     
                  260   259.00000000000000        0.0000000000000000     
                  261   260.00000000000000        0.0000000000000000     
                  262   261.00000000000000        0.0000000000000000     
                  263   262.00000000000000        0.0000000000000000     
                  264   263.00000000000000        0.0000000000000000     
                  265   264.00000000000000        0.0000000000000000     
                  266   265.00000000000000        0.0000000000000000     
                  267   266.00000000000000        0.0000000000000000     
                  268   267.00000000000000        0.0000000000000000     
                  269   268.00000000000000        0.0000000000000000     
                  270   269.00000000000000        0.0000000000000000     
                  271   270.00000000000000        0.0000000000000000     
                  272   271.00000000000000        0.0000000000000000     
                  273   272.00000000000000        0.0000000000000000     
                  274   273.00000000000000        0.0000000000000000     
                  275   274.00000000000000        0.0000000000000000     
                  276   275.00000000000000        0.0000000000000000     
                  277   276.00000000000000        0.0000000000000000     
                  278   277.00000000000000        0.0000000000000000     
                  279   278.00000000000000        0.0000000000000000     
                  280   279.00000000000000        0.0000000000000000     
                  281   280.00000000000000        0.0000000000000000     
                  282   281.00000000000000        0.0000000000000000     
                  283   282.00000000000000        0.0000000000000000     
                  284   283.00000000000000        0.0000000000000000     
                  285   284.00000000000000        0.0000000000000000     
                  286   285.00000000000000        0.0000000000000000     
                  287   286.00000000000000        0.0000000000000000     
                  288   287.00000000000000        0.0000000000000000     
                  289   288.00000000000000        0.0000000000000000     
                  290   289.00000000000000        0.0000000000000000     
                  291   290.00000000000000        0.0000000000000000     
                  292   291.00000000000000        0.0000000000000000     
                  293   292.00000000000000        0.0000000000000000     
                  294   293.00000000000000        0.0000000000000000     
                  295   294.00000000000000        0.0000000000000000     
                  296   295.00000000000000        0.0000000000000000     
                  297   296.00000000000000        0.0000000000000000     
                  298   297.00000000000000        0.0000000000000000     
                  299   298.00000000000000        0.0000000000000000     
                  300   299.00000000000000        0.0000000000000000     
                  301   300.00000000000000        0.0000000000000000     
                  302   301.00000000000000        0.0000000000000000     
                  303   302.00000000000000        0.0000000000000000     
                  304   303.00000000000000        0.0000000000000000     
                  305   304.00000000000000        0.0000000000000000     
                  306   305.00000000000000        0.0000000000000000     
                  307   306.00000000000000        0.0000000000000000     
                  308   307.00000000000000        0.0000000000000000     
                  309   308.00000000000000        0.0000000000000000     
                  310   309.00000000000000        0.0000000000000000     
                  311   310.00000000000000        0.0000000000000000     
                  312   311.00000000000000        0.0000000000000000     
                  313   312.00000000000000       -4.9406564584124654E-324
                  314   313.00000000000000       -1.6704359485892546E-320
                  315   314.00000000000000       -6.9964967131561637E-317
                  316   315.00000000000000       -2.9503111708116117E-313
                  317   316.00000000000000       -1.2525807581436835E-309
                  318   317.00000000000000       -5.3540708309325248E-306
                  319   318.00000000000000       -2.3040538878630414E-302
                  320   319.00000000000000       -9.9820775929995405E-299
                  321   320.00000000000000       -4.3537014281738693E-295
                  322   321.00000000000000       -1.9115923502973542E-291
                  323   322.00000000000000       -8.4492926013991523E-288
                  324   323.00000000000000       -3.7594407717925766E-284
                  325   324.00000000000000       -1.6838107955889290E-280
                  326   325.00000000000000       -7.5913617221809135E-277
                  327   326.00000000000000       -3.4450181948212345E-273
                  328   327.00000000000000       -1.5736122777279189E-269
                  329   328.00000000000000       -7.2348097147311407E-266
                  330   329.00000000000000       -3.3478674125466139E-262
                  331   330.00000000000000       -1.5592276768431428E-258
                  332   331.00000000000000       -7.3086829338282668E-255
                  333   332.00000000000000       -3.4478224961076580E-251
                  334   333.00000000000000       -1.6368710179934082E-247
                  335   334.00000000000000       -7.8205097620789098E-244
                  336   335.00000000000000       -3.7600498032324686E-240
                  337   336.00000000000000       -1.8191836269519655E-236
                  338   337.00000000000000       -8.8566585166415865E-233
                  339   338.00000000000000       -4.3386956163635874E-229
                  340   339.00000000000000       -2.1385988063325962E-225
                  341   340.00000000000000       -1.0606317243403112E-221
                  342   341.00000000000000       -5.2923513115447495E-218
                  343   342.00000000000000       -2.6568333108701424E-214
                  344   343.00000000000000       -1.3418177019348055E-210
                  345   344.00000000000000       -6.8173772558637815E-207
                  346   345.00000000000000       -3.4843015421766688E-203
                  347   346.00000000000000       -1.7912969335703248E-199
                  348   347.00000000000000       -9.2629743467552703E-196
                  349   348.00000000000000       -4.8177090274904666E-192
                  350   349.00000000000000       -2.5200697873837783E-188
                  351   350.00000000000000       -1.3256822913635342E-184
                  352   351.00000000000000       -7.0128148740288132E-181
                  353   352.00000000000000       -3.7302715443689228E-177
                  354   353.00000000000000       -1.9950352454269597E-173
                  355   354.00000000000000       -1.0727220582978124E-169
                  356   355.00000000000000       -5.7984531118051630E-166
                  357   356.00000000000000       -3.1505345217494698E-162
                  358   357.00000000000000       -1.7205176372053822E-158
                  359   358.00000000000000       -9.4425419017317712E-155
                  360   359.00000000000000       -5.2074110733934875E-151
                  361   360.00000000000000       -2.8853729372277856E-147
                  362   361.00000000000000       -1.6060850442290446E-143
                  363   362.00000000000000       -8.9795761647101551E-140
                  364   363.00000000000000       -5.0418794141498099E-136
                  365   364.00000000000000       -2.8425021000467156E-132
                  366   365.00000000000000       -1.6087792076584425E-128
                  367   366.00000000000000       -9.1387640903600238E-125
                  368   367.00000000000000       -5.2092308243878698E-121
                  369   368.00000000000000       -2.9788276767501384E-117
                  370   369.00000000000000       -1.7083746114020956E-113
                  371   370.00000000000000       -9.8232618145009684E-110
                  372   371.00000000000000       -5.6613428439078159E-106
                  373   372.00000000000000       -3.2690108736394102E-102
                  374   373.00000000000000       -1.8904820297698140E-098
                  375   374.00000000000000       -1.0944506105790184E-094
                  376   375.00000000000000       -6.3397924284629041E-091
                  377   376.00000000000000       -3.6726024144827437E-087
                  378   377.00000000000000       -2.1263326200724139E-083
                  379   378.00000000000000       -1.2295751610677871E-079
                  380   379.00000000000000       -7.0960861941753136E-076
                  381   380.00000000000000       -4.0837156674314909E-072
                  382   381.00000000000000       -2.3412651980823600E-068
                  383   382.00000000000000       -1.3357784139443815E-064
                  384   383.00000000000000       -7.5748045104586809E-061
                  385   384.00000000000000       -4.2633178646379488E-057
                  386   385.00000000000000       -2.3776884185486699E-053
                  387   386.00000000000000       -1.3115052305530312E-049
                  388   387.00000000000000       -7.1388613463072129E-046
                  389   388.00000000000000       -3.8246579757897230E-042
                  390   389.00000000000000       -2.0104886891314395E-038
                  391   390.00000000000000       -1.0330364156835073E-034
                  392   391.00000000000000       -5.1645195189114213E-031
                  393   392.00000000000000       -2.4978096245068395E-027
                  394   393.00000000000000       -1.1603052636500265E-023
                  395   394.00000000000000       -5.1291829747773157E-020
                  396   395.00000000000000       -2.1316437963993723E-016
                  397   396.00000000000000       -8.1939149937315781E-013
                  398   397.00000000000000       -2.8485982376706944E-009
                  399   398.00000000000000       -8.6671398143286566E-006
                  400   399.00000000000000       -5.4996330964565609E-003
                  401   400.00000000000000      -0.18824889258678840     
