                    1   0.0000000000000000        0.0000000000000000     
                    2   1.0000000000000000        0.0000000000000000     
                    3   2.0000000000000000        0.0000000000000000     
                    4   3.0000000000000000        0.0000000000000000     
                    5   4.0000000000000000        0.0000000000000000     
                    6   5.0000000000000000        0.0000000000000000     
                    7   6.0000000000000000        0.0000000000000000     
                    8   7.0000000000000000        0.0000000000000000     
                    9   8.0000000000000000        0.0000000000000000     
                   10   9.0000000000000000        0.0000000000000000     
                   11   10.000000000000000        0.0000000000000000     
                   12   11.000000000000000        0.0000000000000000     
                   13   12.000000000000000        0.0000000000000000     
                   14   13.000000000000000        0.0000000000000000     
                   15   14.000000000000000        0.0000000000000000     
                   16   15.000000000000000        0.0000000000000000     
                   17   16.000000000000000        0.0000000000000000     
                   18   17.000000000000000        0.0000000000000000     
                   19   18.000000000000000        0.0000000000000000     
                   20   19.000000000000000        0.0000000000000000     
                   21   20.000000000000000        0.0000000000000000     
                   22   21.000000000000000        0.0000000000000000     
                   23   22.000000000000000        0.0000000000000000     
                   24   23.000000000000000        0.0000000000000000     
                   25   24.000000000000000        0.0000000000000000     
                   26   25.000000000000000        0.0000000000000000     
                   27   26.000000000000000        0.0000000000000000     
                   28   27.000000000000000        0.0000000000000000     
                   29   28.000000000000000        0.0000000000000000     
                   30   29.000000000000000        0.0000000000000000     
                   31   30.000000000000000        0.0000000000000000     
                   32   31.000000000000000        0.0000000000000000     
                   33   32.000000000000000        0.0000000000000000     
                   34   33.000000000000000        0.0000000000000000     
                   35   34.000000000000000        0.0000000000000000     
                   36   35.000000000000000        0.0000000000000000     
                   37   36.000000000000000        0.0000000000000000     
                   38   37.000000000000000        0.0000000000000000     
                   39   38.000000000000000        0.0000000000000000     
                   40   39.000000000000000        0.0000000000000000     
                   41   40.000000000000000        0.0000000000000000     
                   42   41.000000000000000        0.0000000000000000     
                   43   42.000000000000000        0.0000000000000000     
                   44   43.000000000000000        0.0000000000000000     
                   45   44.000000000000000        0.0000000000000000     
                   46   45.000000000000000        0.0000000000000000     
                   47   46.000000000000000        0.0000000000000000     
                   48   47.000000000000000        0.0000000000000000     
                   49   48.000000000000000        0.0000000000000000     
                   50   49.000000000000000        0.0000000000000000     
                   51   50.000000000000000        0.0000000000000000     
                   52   51.000000000000000        0.0000000000000000     
                   53   52.000000000000000        0.0000000000000000     
                   54   53.000000000000000        0.0000000000000000     
                   55   54.000000000000000        0.0000000000000000     
                   56   55.000000000000000        0.0000000000000000     
                   57   56.000000000000000        0.0000000000000000     
                   58   57.000000000000000        0.0000000000000000     
                   59   58.000000000000000        0.0000000000000000     
                   60   59.000000000000000        0.0000000000000000     
                   61   60.000000000000000        0.0000000000000000     
                   62   61.000000000000000        0.0000000000000000     
                   63   62.000000000000000        0.0000000000000000     
                   64   63.000000000000000        0.0000000000000000     
                   65   64.000000000000000        0.0000000000000000     
                   66   65.000000000000000        0.0000000000000000     
                   67   66.000000000000000        0.0000000000000000     
                   68   67.000000000000000        0.0000000000000000     
                   69   68.000000000000000        0.0000000000000000     
                   70   69.000000000000000        0.0000000000000000     
                   71   70.000000000000000        0.0000000000000000     
                   72   71.000000000000000        0.0000000000000000     
                   73   72.000000000000000        0.0000000000000000     
                   74   73.000000000000000        0.0000000000000000     
                   75   74.000000000000000        0.0000000000000000     
                   76   75.000000000000000        0.0000000000000000     
                   77   76.000000000000000        0.0000000000000000     
                   78   77.000000000000000        0.0000000000000000     
                   79   78.000000000000000        0.0000000000000000     
                   80   79.000000000000000        0.0000000000000000     
                   81   80.000000000000000        0.0000000000000000     
                   82   81.000000000000000        0.0000000000000000     
                   83   82.000000000000000        0.0000000000000000     
                   84   83.000000000000000        0.0000000000000000     
                   85   84.000000000000000        0.0000000000000000     
                   86   85.000000000000000        0.0000000000000000     
                   87   86.000000000000000        0.0000000000000000     
                   88   87.000000000000000        0.0000000000000000     
                   89   88.000000000000000        0.0000000000000000     
                   90   89.000000000000000        0.0000000000000000     
                   91   90.000000000000000        0.0000000000000000     
                   92   91.000000000000000        0.0000000000000000     
                   93   92.000000000000000        0.0000000000000000     
                   94   93.000000000000000        0.0000000000000000     
                   95   94.000000000000000        0.0000000000000000     
                   96   95.000000000000000        0.0000000000000000     
                   97   96.000000000000000        0.0000000000000000     
                   98   97.000000000000000        0.0000000000000000     
                   99   98.000000000000000        0.0000000000000000     
                  100   99.000000000000000        0.0000000000000000     
                  101   100.00000000000000        0.0000000000000000     
                  102   101.00000000000000        0.0000000000000000     
                  103   102.00000000000000        0.0000000000000000     
                  104   103.00000000000000        0.0000000000000000     
                  105   104.00000000000000        0.0000000000000000     
                  106   105.00000000000000        0.0000000000000000     
                  107   106.00000000000000        0.0000000000000000     
                  108   107.00000000000000        0.0000000000000000     
                  109   108.00000000000000        0.0000000000000000     
                  110   109.00000000000000        0.0000000000000000     
                  111   110.00000000000000        0.0000000000000000     
                  112   111.00000000000000        0.0000000000000000     
                  113   112.00000000000000        0.0000000000000000     
                  114   113.00000000000000        0.0000000000000000     
                  115   114.00000000000000        0.0000000000000000     
                  116   115.00000000000000        0.0000000000000000     
                  117   116.00000000000000        0.0000000000000000     
                  118   117.00000000000000        0.0000000000000000     
                  119   118.00000000000000        0.0000000000000000     
                  120   119.00000000000000        0.0000000000000000     
                  121   120.00000000000000        0.0000000000000000     
                  122   121.00000000000000        0.0000000000000000     
                  123   122.00000000000000        0.0000000000000000     
                  124   123.00000000000000        0.0000000000000000     
                  125   124.00000000000000        0.0000000000000000     
                  126   125.00000000000000        0.0000000000000000     
                  127   126.00000000000000        0.0000000000000000     
                  128   127.00000000000000        0.0000000000000000     
                  129   128.00000000000000        0.0000000000000000     
                  130   129.00000000000000        0.0000000000000000     
                  131   130.00000000000000        0.0000000000000000     
                  132   131.00000000000000        0.0000000000000000     
                  133   132.00000000000000        0.0000000000000000     
                  134   133.00000000000000        0.0000000000000000     
                  135   134.00000000000000        0.0000000000000000     
                  136   135.00000000000000        0.0000000000000000     
                  137   136.00000000000000        0.0000000000000000     
                  138   137.00000000000000        0.0000000000000000     
                  139   138.00000000000000        0.0000000000000000     
                  140   139.00000000000000        0.0000000000000000     
                  141   140.00000000000000        0.0000000000000000     
                  142   141.00000000000000        0.0000000000000000     
                  143   142.00000000000000        0.0000000000000000     
                  144   143.00000000000000        0.0000000000000000     
                  145   144.00000000000000        0.0000000000000000     
                  146   145.00000000000000        0.0000000000000000     
                  147   146.00000000000000        0.0000000000000000     
                  148   147.00000000000000        0.0000000000000000     
                  149   148.00000000000000        0.0000000000000000     
                  150   149.00000000000000        0.0000000000000000     
                  151   150.00000000000000       -2.4703282292062327E-323
                  152   151.00000000000000       -3.1620201333839779E-322
                  153   152.00000000000000       -3.8833559763121978E-321
                  154   153.00000000000000       -4.6180315916781314E-320
                  155   154.00000000000000       -5.5576456369390141E-319
                  156   155.00000000000000       -6.7707793643940693E-318
                  157   156.00000000000000       -8.3431007926382941E-317
                  158   157.00000000000000       -1.0397528414887403E-315
                  159   158.00000000000000       -1.3104611493493670E-314
                  160   159.00000000000000       -1.6702672151416672E-313
                  161   160.00000000000000       -2.1527422701289765E-312
                  162   161.00000000000000       -2.8055569150508545E-311
                  163   162.00000000000000       -3.6969531978760979E-310
                  164   163.00000000000000       -4.9254246439400045E-309
                  165   164.00000000000000       -6.6343055046470726E-308
                  166   165.00000000000000       -9.0339293180373932E-307
                  167   166.00000000000000       -1.2435546757024822E-305
                  168   167.00000000000000       -1.7303651609341784E-304
                  169   168.00000000000000       -2.4337344630507843E-303
                  170   169.00000000000000       -3.4597857563895966E-302
                  171   170.00000000000000       -4.9710027014599364E-301
                  172   171.00000000000000       -7.2183165307815888E-300
                  173   172.00000000000000       -1.0592622250621154E-298
                  174   173.00000000000000       -1.5708161225696459E-297
                  175   174.00000000000000       -2.3538584016287291E-296
                  176   175.00000000000000       -3.5640796629524693E-295
                  177   176.00000000000000       -5.4526255070921447E-294
                  178   177.00000000000000       -8.4281915808628795E-293
                  179   178.00000000000000       -1.3161730417928401E-291
                  180   179.00000000000000       -2.0764476815006067E-290
                  181   180.00000000000000       -3.3093148550268603E-289
                  182   181.00000000000000       -5.3277532094158879E-288
                  183   182.00000000000000       -8.6640106926990291E-287
                  184   183.00000000000000       -1.4231242393087238E-285
                  185   184.00000000000000       -2.3609991094122491E-284
                  186   185.00000000000000       -3.9560187697941938E-283
                  187   186.00000000000000       -6.6943874107490256E-282
                  188   187.00000000000000       -1.1440207575408370E-280
                  189   188.00000000000000       -1.9742776836277846E-279
                  190   189.00000000000000       -3.4404453064112960E-278
                  191   190.00000000000000       -6.0538841130349293E-277
                  192   191.00000000000000       -1.0755921292662770E-275
                  193   192.00000000000000       -1.9294625213914307E-274
                  194   193.00000000000000       -3.4944719161765365E-273
                  195   194.00000000000000       -6.3894664967840911E-272
                  196   195.00000000000000       -1.1794157805104731E-270
                  197   196.00000000000000       -2.1977086732524184E-269
                  198   197.00000000000000       -4.1338604510278461E-268
                  199   198.00000000000000       -7.8488448942308924E-267
                  200   199.00000000000000       -1.5041867554669781E-265
                  201   200.00000000000000       -2.9095496539336061E-264
                  202   201.00000000000000       -5.6801498269967556E-263
                  203   202.00000000000000       -1.1191438280738208E-261
                  204   203.00000000000000       -2.2252882823775346E-260
                  205   204.00000000000000       -4.4652231926071816E-259
                  206   205.00000000000000       -9.0414670201137782E-258
                  207   206.00000000000000       -1.8473784571075348E-256
                  208   207.00000000000000       -3.8086982343111778E-255
                  209   208.00000000000000       -7.9228880561855028E-254
                  210   209.00000000000000       -1.6628740639998736E-252
                  211   210.00000000000000       -3.5211682204456001E-251
                  212   211.00000000000000       -7.5222631123559061E-250
                  213   212.00000000000000       -1.6211657721508480E-248
                  214   213.00000000000000       -3.5245719918932942E-247
                  215   214.00000000000000       -7.7298018647023923E-246
                  216   215.00000000000000       -1.7100010770544923E-244
                  217   216.00000000000000       -3.8156940844479838E-243
                  218   217.00000000000000       -8.5878217412958046E-242
                  219   218.00000000000000       -1.9494317461835699E-240
                  220   219.00000000000000       -4.4630514161231030E-239
                  221   220.00000000000000       -1.0304761893144958E-237
                  222   221.00000000000000       -2.3994388771000864E-236
                  223   222.00000000000000       -5.6341784352627236E-235
                  224   223.00000000000000       -1.3340873621129088E-233
                  225   224.00000000000000       -3.1853296111283491E-232
                  226   225.00000000000000       -7.6687516060270987E-231
                  227   226.00000000000000       -1.8615683050313553E-229
                  228   227.00000000000000       -4.5561835133689027E-228
                  229   228.00000000000000       -1.1242822899614478E-226
                  230   229.00000000000000       -2.7969554795762576E-225
                  231   230.00000000000000       -7.0148105840804829E-224
                  232   231.00000000000000       -1.7735802419608575E-222
                  233   232.00000000000000       -4.5203766656045159E-221
                  234   233.00000000000000       -1.1613731840833527E-219
                  235   234.00000000000000       -3.0076476831684424E-218
                  236   235.00000000000000       -7.8509977858022651E-217
                  237   236.00000000000000       -2.0656194999940436E-215
                  238   237.00000000000000       -5.4775752175711554E-214
                  239   238.00000000000000       -1.4639425800929954E-212
                  240   239.00000000000000       -3.9431441632011927E-211
                  241   240.00000000000000       -1.0703592962228448E-209
                  242   241.00000000000000       -2.9279953472036418E-208
                  243   242.00000000000000       -8.0714350070176489E-207
                  244   243.00000000000000       -2.2421082336388030E-205
                  245   244.00000000000000       -6.2758692189762823E-204
                  246   245.00000000000000       -1.7700637606350479E-202
                  247   246.00000000000000       -5.0302324964579944E-201
                  248   247.00000000000000       -1.4403164743876745E-199
                  249   248.00000000000000       -4.1551367190015826E-198
                  250   249.00000000000000       -1.2076949018743073E-196
                  251   250.00000000000000       -3.5363959910006109E-195
                  252   251.00000000000000       -1.0432387843727444E-193
                  253   252.00000000000000       -3.1003691015146781E-192
                  254   253.00000000000000       -9.2819197976956069E-191
                  255   254.00000000000000       -2.7992719519041875E-189
                  256   255.00000000000000       -8.5040072568598098E-188
                  257   256.00000000000000       -2.6023279672387684E-186
                  258   257.00000000000000       -8.0213819912936968E-185
                  259   258.00000000000000       -2.4904296401255909E-183
                  260   259.00000000000000       -7.7880131069171460E-182
                  261   260.00000000000000       -2.4529916538991368E-180
                  262   261.00000000000000       -7.7816630125992359E-179
                  263   262.00000000000000       -2.4862565984878591E-177
                  264   263.00000000000000       -8.0003163977425826E-176
                  265   264.00000000000000       -2.5926676283732129E-174
                  266   265.00000000000000       -8.4616694798876421E-173
                  267   266.00000000000000       -2.7811610547302633E-171
                  268   267.00000000000000       -9.2055280710000975E-170
                  269   268.00000000000000       -3.0684259676512749E-168
                  270   269.00000000000000       -1.0299570800332838E-166
                  271   270.00000000000000       -3.4813810824611341E-165
                  272   271.00000000000000       -1.1849653370878475E-163
                  273   272.00000000000000       -4.0613863685594871E-162
                  274   273.00000000000000       -1.4016859645610315E-160
                  275   274.00000000000000       -4.8711141988776515E-159
                  276   275.00000000000000       -1.7045144999135380E-157
                  277   276.00000000000000       -6.0056737078044399E-156
                  278   277.00000000000000       -2.1306172930193829E-154
                  279   278.00000000000000       -7.6107255474905646E-153
                  280   279.00000000000000       -2.7372719898093023E-151
                  281   280.00000000000000       -9.9123276688006684E-150
                  282   281.00000000000000       -3.6140470483197935E-148
                  283   282.00000000000000       -1.3266830059561138E-146
                  284   283.00000000000000       -4.9033239041921969E-145
                  285   284.00000000000000       -1.8245633796313967E-143
                  286   285.00000000000000       -6.8354517008297829E-142
                  287   286.00000000000000       -2.5781627550141916E-140
                  288   287.00000000000000       -9.7900120845180839E-139
                  289   288.00000000000000       -3.7426637779317903E-137
                  290   289.00000000000000       -1.4404491296493768E-135
                  291   290.00000000000000       -5.5812221222439944E-134
                  292   291.00000000000000       -2.1770559135276685E-132
                  293   292.00000000000000       -8.5489589380121874E-131
                  294   293.00000000000000       -3.3795163455988417E-129
                  295   294.00000000000000       -1.3448927110031603E-127
                  296   295.00000000000000       -5.3877366458144253E-126
                  297   296.00000000000000       -2.1727227388753560E-124
                  298   297.00000000000000       -8.8201262220437564E-123
                  299   298.00000000000000       -3.6042160822292533E-121
                  300   299.00000000000000       -1.4825351846424858E-119
                  301   300.00000000000000       -6.1383214607669408E-118
                  302   301.00000000000000       -2.5582119992736148E-116
                  303   302.00000000000000       -1.0731418584009041E-114
                  304   303.00000000000000       -4.5310868660759958E-113
                  305   304.00000000000000       -1.9255852203913682E-111
                  306   305.00000000000000       -8.2362236008648586E-110
                  307   306.00000000000000       -3.5455850839590943E-108
                  308   307.00000000000000       -1.5361402755693631E-106
                  309   308.00000000000000       -6.6980006715101683E-105
                  310   309.00000000000000       -2.9391270659039639E-103
                  311   310.00000000000000       -1.2978880770479095E-101
                  312   311.00000000000000       -5.7675047782008069E-100
                  313   312.00000000000000       -2.5790271945670388E-098
                  314   313.00000000000000       -1.1604481892379233E-096
                  315   314.00000000000000       -5.2538940731312012E-095
                  316   315.00000000000000       -2.3933467873969431E-093
                  317   316.00000000000000       -1.0969350573855463E-091
                  318   317.00000000000000       -5.0581129995603849E-090
                  319   318.00000000000000       -2.3464373431183491E-088
                  320   319.00000000000000       -1.0950194964191457E-086
                  321   320.00000000000000       -5.1405071021932962E-085
                  322   321.00000000000000       -2.4273880293152491E-083
                  323   322.00000000000000       -1.1529186040611867E-081
                  324   323.00000000000000       -5.5075765668597514E-080
                  325   324.00000000000000       -2.6460642038083374E-078
                  326   325.00000000000000       -1.2784769810654615E-076
                  327   326.00000000000000       -6.2117255703912086E-075
                  328   327.00000000000000       -3.0348131993696708E-073
                  329   328.00000000000000       -1.4908196282735073E-071
                  330   329.00000000000000       -7.3631629004199343E-070
                  331   330.00000000000000       -3.6561366416232835E-068
                  332   331.00000000000000       -1.8250368126819139E-066
                  333   332.00000000000000       -9.1576637184786652E-065
                  334   333.00000000000000       -4.6188581239299655E-063
                  335   334.00000000000000       -2.3415047331587577E-061
                  336   335.00000000000000       -1.1929999568442246E-059
                  337   336.00000000000000       -6.1086665636505458E-058
                  338   337.00000000000000       -3.1433309567574845E-056
                  339   338.00000000000000       -1.6253630279179088E-054
                  340   339.00000000000000       -8.4451668241399260E-053
                  341   340.00000000000000       -4.4090718570670233E-051
                  342   341.00000000000000       -2.3128823983633266E-049
                  343   342.00000000000000       -1.2190370218752265E-047
                  344   343.00000000000000       -6.4555058727764525E-046
                  345   344.00000000000000       -3.4347142574323424E-044
                  346   345.00000000000000       -1.8361108130828718E-042
                  347   346.00000000000000       -9.8618951864479352E-041
                  348   347.00000000000000       -5.3221211268824884E-039
                  349   348.00000000000000       -2.8859316646963376E-037
                  350   349.00000000000000       -1.5724706172016075E-035
                  351   350.00000000000000       -8.6098683450443336E-034
                  352   351.00000000000000       -4.7375496877845671E-032
                  353   352.00000000000000       -2.6198904028345614E-030
                  354   353.00000000000000       -1.4561816452873207E-028
                  355   354.00000000000000       -8.1354842728949271E-027
                  356   355.00000000000000       -4.5689815392199150E-025
                  357   356.00000000000000       -2.5796190124066104E-023
                  358   357.00000000000000       -1.4642736728871412E-021
                  359   358.00000000000000       -8.3569382782737188E-020
                  360   359.00000000000000       -4.7957307502743786E-018
                  361   360.00000000000000       -2.7673602077292539E-016
                  362   361.00000000000000       -1.6058197280661996E-014
                  363   362.00000000000000       -9.3704792420804539E-013
                  364   363.00000000000000       -5.4988588847279571E-011
                  365   364.00000000000000       -3.2451975712036790E-009
                  366   365.00000000000000       -1.9260776692441184E-007
                  367   366.00000000000000       -1.1481701067220785E-005
                  368   367.00000000000000       -6.3536135728014251E-004
                  369   368.00000000000000       -9.3489251986550465E-003
                  370   369.00000000000000      -0.30769996708515579     
                  371   370.00000000000000       -10.219717159428242     
                  372   371.00000000000000       -7.4492759528857997     
                  373   372.00000000000000       -7.5153250294239164     
                  374   373.00000000000000       -7.8027414903211536     
                  375   374.00000000000000       -8.1067503920233417     
                  376   375.00000000000000       -8.3831804287816194     
                  377   376.00000000000000       -8.6230044031912794     
                  378   377.00000000000000       -8.8275969840893751     
                  379   378.00000000000000       -9.0011122306367302     
                  380   379.00000000000000       -9.1481925993730577     
                  381   380.00000000000000       -9.2730315029186254     
                  382   381.00000000000000       -9.3792734724095741     
                  383   382.00000000000000       -9.4699479711455226     
                  384   383.00000000000000       -9.5475715757685755     
                  385   384.00000000000000       -9.6141958219381110     
                  386   385.00000000000000       -9.6715345536915560     
                  387   386.00000000000000       -9.7210206181926058     
                  388   387.00000000000000       -9.7637752710966748     
                  389   388.00000000000000       -9.8008452552883014     
                  390   389.00000000000000       -9.8329428462495834     
                  391   390.00000000000000       -9.8608766614007344     
                  392   391.00000000000000       -9.8852372636204997     
                  393   392.00000000000000       -9.9063783383995805     
                  394   393.00000000000000       -9.9248241672011659     
                  395   394.00000000000000       -9.9409402020492710     
                  396   395.00000000000000       -9.9549788378384232     
                  397   396.00000000000000       -9.9673007665612623     
                  398   397.00000000000000       -9.9780939192735509     
                  399   398.00000000000000       -9.9876473801533265     
                  400   399.00000000000000       -9.9962147375265502     
                  401   400.00000000000000       -10.026992692590575     
