                    1   0.0000000000000000       0.35684035674055792     
                    2   5.0000000000000000       0.35684035674055786     
                    3   10.000000000000000       0.35684035674055792     
                    4   15.000000000000000       0.35684035674055781     
                    5   20.000000000000000       0.35684035674055775     
                    6   25.000000000000000       0.35684035674055786     
                    7   30.000000000000000       0.35684035674055786     
                    8   35.000000000000000       0.35684035674055786     
                    9   40.000000000000000       0.35684035674055792     
                   10   45.000000000000000       0.35684035674055786     
                   11   50.000000000000000       0.35684035674055781     
                   12   55.000000000000000       0.35684035674055781     
                   13   60.000000000000000       0.35684035674055786     
                   14   65.000000000000000       0.35684035674055786     
                   15   70.000000000000000       0.35684035674055775     
                   16   75.000000000000000       0.35684035674055781     
                   17   80.000000000000000       0.35684035674055786     
                   18   85.000000000000000       0.35684035674055781     
                   19   90.000000000000000       0.35684035674055781     
                   20   95.000000000000000       0.35684035674055786     
                   21   100.00000000000000       0.35684035674055786     
                   22   105.00000000000000       0.35684035674055781     
                   23   110.00000000000000       0.35684035674055786     
                   24   115.00000000000000       0.35684035674055786     
                   25   120.00000000000000       0.35684035674055786     
                   26   125.00000000000000       0.35684035674055842     
                   27   130.00000000000000       0.35684035674056963     
                   28   135.00000000000000       0.35684035674080800     
                   29   140.00000000000000       0.35684035674568115     
                   30   145.00000000000000       0.35684035684089671     
                   31   150.00000000000000       0.35684035861057278     
                   32   155.00000000000000       0.35684038972712745     
                   33   160.00000000000000       0.35684090405111257     
                   34   165.00000000000000       0.35684883603576001     
                   35   170.00000000000000       0.35696191464063920     
                   36   175.00000000000000       0.35842670838579105     
                   37   180.00000000000000       0.37404860404540580     
                   38   185.00000000000000       0.44322477261786480     
                   39   190.00000000000000       0.48721717274018617     
                   40   195.00000000000000       0.49775155130183935     
                   41   200.00000000000000       0.50000000000000000     
