                    1   0.0000000000000000       -2.8972376662101340E-002
                    2   5.0000000000000000       -2.8972376662102384E-002
                    3   10.000000000000000       -2.8972376662102926E-002
                    4   15.000000000000000       -2.8972376662101729E-002
                    5   20.000000000000000       -2.8972376662102940E-002
                    6   25.000000000000000       -2.8972376662103807E-002
                    7   30.000000000000000       -2.8972376662102728E-002
                    8   35.000000000000000       -2.8972376662103123E-002
                    9   40.000000000000000       -2.8972376662103092E-002
                   10   45.000000000000000       -2.8972376662102405E-002
                   11   50.000000000000000       -2.8972376662102280E-002
                   12   55.000000000000000       -2.8972376662102825E-002
                   13   60.000000000000000       -2.8972376662103273E-002
                   14   65.000000000000000       -2.8972376662102634E-002
                   15   70.000000000000000       -2.8972376662102704E-002
                   16   75.000000000000000       -2.8972376662103273E-002
                   17   80.000000000000000       -2.8972376662102957E-002
                   18   85.000000000000000       -2.8972376662102506E-002
                   19   90.000000000000000       -2.8972376662103082E-002
                   20   95.000000000000000       -2.8972376662103519E-002
                   21   100.00000000000000       -2.8972376662102669E-002
                   22   105.00000000000000       -2.8972376662102638E-002
                   23   110.00000000000000       -2.8972376662103169E-002
                   24   115.00000000000000       -2.8972376662102950E-002
                   25   120.00000000000000       -2.8972376662102759E-002
                   26   125.00000000000000       -2.8972376662103068E-002
                   27   130.00000000000000       -2.8972376662103352E-002
                   28   135.00000000000000       -2.8972376662109726E-002
                   29   140.00000000000000       -2.8972376662354211E-002
                   30   145.00000000000000       -2.8972376670978350E-002
                   31   150.00000000000000       -2.8972376957513663E-002
                   32   155.00000000000000       -2.8972385876915467E-002
                   33   160.00000000000000       -2.8972643931314955E-002
                   34   165.00000000000000       -2.8979516511059691E-002
                   35   170.00000000000000       -2.9145979863228786E-002
                   36   175.00000000000000       -3.2740874454756937E-002
                   37   180.00000000000000       -9.4768303363322981E-002
                   38   185.00000000000000      -0.54356602226923723     
                   39   190.00000000000000       -4.9923883675119960     
                   40   195.00000000000000       -12.799420873288961     
                   41   200.00000000000000       -14.932530765033311     
