                    1   0.0000000000000000       -199.99999999999980     
                    2   5.0000000000000000       -200.00000000000006     
                    3   10.000000000000000       -200.00000000000003     
                    4   15.000000000000000       -200.00000000000000     
                    5   20.000000000000000       -200.00000000000026     
                    6   25.000000000000000       -200.00000000000003     
                    7   30.000000000000000       -200.00000000000000     
                    8   35.000000000000000       -200.00000000000011     
                    9   40.000000000000000       -199.99999999999997     
                   10   45.000000000000000       -200.00000000000009     
                   11   50.000000000000000       -200.00000000000009     
                   12   55.000000000000000       -200.00000000000020     
                   13   60.000000000000000       -200.00000000000006     
                   14   65.000000000000000       -200.00000000000003     
                   15   70.000000000000000       -200.00000000000017     
                   16   75.000000000000000       -200.00000000000011     
                   17   80.000000000000000       -200.00000000000011     
                   18   85.000000000000000       -200.00000000000003     
                   19   90.000000000000000       -200.00000000000017     
                   20   95.000000000000000       -200.00000000000000     
                   21   100.00000000000000       -199.99999999999997     
                   22   105.00000000000000       -200.00000000000006     
                   23   110.00000000000000       -200.00000000000006     
                   24   115.00000000000000       -200.00000000000000     
                   25   120.00000000000000       -200.00000000000011     
                   26   125.00000000000000       -200.00000000000006     
                   27   130.00000000000000       -200.00000000000000     
                   28   135.00000000000000       -199.99999999999991     
                   29   140.00000000000000       -200.00000000000003     
                   30   145.00000000000000       -199.99999999999997     
                   31   150.00000000000000       -199.99999999999747     
                   32   155.00000000000000       -199.99999999983720     
                   33   160.00000000000000       -199.99999999036498     
                   34   165.00000000000000       -199.99999947434222     
                   35   170.00000000000000       -199.99997384434926     
                   36   175.00000000000000       -199.99882875106215     
                   37   180.00000000000000       -199.95355522991730     
                   38   185.00000000000000       -198.41099196456466     
                   39   190.00000000000000       -162.20596334423828     
                   40   195.00000000000000       -31.930559536035901     
                   41   200.00000000000000        0.0000000000000000     
