                    1   0.0000000000000000       0.35684035674055797     
                    2   5.0000000000000000       0.35684035674055786     
                    3   10.000000000000000       0.35684035674055792     
                    4   15.000000000000000       0.35684035674055786     
                    5   20.000000000000000       0.35684035674055770     
                    6   25.000000000000000       0.35684035674055786     
                    7   30.000000000000000       0.35684035674055786     
                    8   35.000000000000000       0.35684035674055786     
                    9   40.000000000000000       0.35684035674055792     
                   10   45.000000000000000       0.35684035674055786     
                   11   50.000000000000000       0.35684035674055781     
                   12   55.000000000000000       0.35684035674055775     
                   13   60.000000000000000       0.35684035674055781     
                   14   65.000000000000000       0.35684035674055786     
                   15   70.000000000000000       0.35684035674055775     
                   16   75.000000000000000       0.35684035674055781     
                   17   80.000000000000000       0.35684035674055786     
                   18   85.000000000000000       0.35684035674055786     
                   19   90.000000000000000       0.35684035674055781     
                   20   95.000000000000000       0.35684035674055786     
                   21   100.00000000000000       0.35684035674055786     
                   22   105.00000000000000       0.35684035674055786     
                   23   110.00000000000000       0.35684035674055786     
                   24   115.00000000000000       0.35684035674055786     
                   25   120.00000000000000       0.35684035674055786     
                   26   125.00000000000000       0.35684035674055786     
                   27   130.00000000000000       0.35684035674055786     
                   28   135.00000000000000       0.35684035674055792     
                   29   140.00000000000000       0.35684035674055897     
                   30   145.00000000000000       0.35684035674059855     
                   31   150.00000000000000       0.35684035674199227     
                   32   155.00000000000000       0.35684035678829429     
                   33   160.00000000000000       0.35684035822938115     
                   34   165.00000000000000       0.35684039991518435     
                   35   170.00000000000000       0.35684150987309626     
                   36   175.00000000000000       0.35686839144546234     
                   37   180.00000000000000       0.35745011203844163     
                   38   185.00000000000000       0.36786673915683188     
                   39   190.00000000000000       0.44301378013076181     
                   40   195.00000000000000       0.49354720986167711     
                   41   200.00000000000000       0.50000000000000000     
