                    1   0.0000000000000000       -199.99999999999986     
                    2   5.0000000000000000       -200.00000000000006     
                    3   10.000000000000000       -199.99999999999991     
                    4   15.000000000000000       -200.00000000000011     
                    5   20.000000000000000       -200.00000000000028     
                    6   25.000000000000000       -200.00000000000003     
                    7   30.000000000000000       -200.00000000000003     
                    8   35.000000000000000       -200.00000000000006     
                    9   40.000000000000000       -199.99999999999994     
                   10   45.000000000000000       -200.00000000000006     
                   11   50.000000000000000       -200.00000000000011     
                   12   55.000000000000000       -200.00000000000011     
                   13   60.000000000000000       -200.00000000000006     
                   14   65.000000000000000       -200.00000000000006     
                   15   70.000000000000000       -200.00000000000020     
                   16   75.000000000000000       -200.00000000000017     
                   17   80.000000000000000       -200.00000000000006     
                   18   85.000000000000000       -200.00000000000009     
                   19   90.000000000000000       -200.00000000000011     
                   20   95.000000000000000       -199.99999999999997     
                   21   100.00000000000000       -200.00000000000000     
                   22   105.00000000000000       -200.00000000000009     
                   23   110.00000000000000       -200.00000000000006     
                   24   115.00000000000000       -200.00000000000003     
                   25   120.00000000000000       -200.00000000000003     
                   26   125.00000000000000       -199.99999999999889     
                   27   130.00000000000000       -199.99999999997502     
                   28   135.00000000000000       -199.99999999946743     
                   29   140.00000000000000       -199.99999998909095     
                   30   145.00000000000000       -199.99999978634739     
                   31   150.00000000000000       -199.99999601815728     
                   32   155.00000000000000       -199.99992976134422     
                   33   160.00000000000000       -199.99883460577536     
                   34   165.00000000000000       -199.98194582775682     
                   35   170.00000000000000       -199.74132973095217     
                   36   175.00000000000000       -196.64972134396967     
                   37   180.00000000000000       -166.34264773818254     
                   38   185.00000000000000       -70.363147491820499     
                   39   190.00000000000000       -22.033784561582280     
                   40   195.00000000000000       -6.6705968859399718     
                   41   200.00000000000000        0.0000000000000000     
