                    1   0.0000000000000000       -199.99999999999994     
                    2   5.0000000000000000       -200.00000000000011     
                    3   10.000000000000000       -199.99999999999994     
                    4   15.000000000000000       -200.00000000000006     
                    5   20.000000000000000       -200.00000000000003     
                    6   25.000000000000000       -200.00000000000006     
                    7   30.000000000000000       -200.00000000000003     
                    8   35.000000000000000       -200.00000000000000     
                    9   40.000000000000000       -200.00000000000003     
                   10   45.000000000000000       -200.00000000000006     
                   11   50.000000000000000       -200.00000000000006     
                   12   55.000000000000000       -199.99999999999994     
                   13   60.000000000000000       -200.00000000000003     
                   14   65.000000000000000       -200.00000000000000     
                   15   70.000000000000000       -200.00000000000009     
                   16   75.000000000000000       -200.00000000000006     
                   17   80.000000000000000       -200.00000000000011     
                   18   85.000000000000000       -199.99999999999989     
                   19   90.000000000000000       -200.00000000000011     
                   20   95.000000000000000       -200.00000000000003     
                   21   100.00000000000000       -199.99999999999997     
                   22   105.00000000000000       -200.00000000000003     
                   23   110.00000000000000       -200.00000000000006     
                   24   115.00000000000000       -200.00000000000000     
                   25   120.00000000000000       -200.00000000000006     
                   26   125.00000000000000       -200.00000000000006     
                   27   130.00000000000000       -200.00000000000000     
                   28   135.00000000000000       -199.99999999999989     
                   29   140.00000000000000       -200.00000000000003     
                   30   145.00000000000000       -200.00000000000000     
                   31   150.00000000000000       -200.00000000000003     
                   32   155.00000000000000       -200.00000000000003     
                   33   160.00000000000000       -200.00000000000000     
                   34   165.00000000000000       -199.99999999999332     
                   35   170.00000000000000       -199.99999999850129     
                   36   175.00000000000000       -199.99999970015725     
                   37   180.00000000000000       -199.99994800296923     
                   38   185.00000000000000       -199.99246301678568     
                   39   190.00000000000000       -199.13926703709839     
                   40   195.00000000000000       -148.32454032975011     
                   41   200.00000000000000        0.0000000000000000     
