#                             _____________________  ___________________
#                             ___  __ \__  __ \_  / / /_  /___  ____/_  ___/
#                             __  / / /_  /_/ /  / / /_  __/_  __/  _____ \ 
#                             _  /_/ /_  _, _// /_/ / / /_ _  /___  ____/ / 
#                             /_____/ /_/ |_| \____/  \__/ /_____/  /____/  
#                                                                           
# 
#---------------------------------------------D R U t E S---------------------------------------------------------------------------------------
#                             (Dual Richards' Unsaturated Equation Solver)
#
#--------------------------d r u t e s . c o n f / e v a p o r a t i o n / e b a l a n c e . i n -----------------------------------------------
# input file with time dependent energy balance data

# t [s]    S_t [W.m-2]    Ra [W.m-2]     T_a [dg C]   wind speed [m/s]  fraction of cloud cover [-]  atmospheric vapour density [kg.m-3]
100	0	0	20	2	0	1.06
100	0	0	20	2	0	1.06
200	0	0	20	2	0	1.06
300	0	0	20	2	0	1.06
400	0	0	20	2	0	1.06
500	0	0	20	2	0	1.06
600	0	0	20	2	0	1.06
700	0	0	20	2	0	1.06
800	0	0	20	2	0	1.06
900	0	0	20	2	0	1.06
1000	0	0	20	2	0	1.06
1100	0	0	20	2	0	1.06
1200	0	0	20	2	0	1.06
1300	0	0	20	2	0	1.06
1400	0	0	20	2	0	1.06
1500	0	0	20	2	0	1.06
1600	0	0	20	2	0	1.06
1700	0	0	20	2	0	1.06
1800	0	0	20	2	0	1.06
1900	0	0	20	2	0	1.06
2000	0	0	20	2	0	1.06
2100	0	0	20	2	0	1.06
2200	0	0	20	2	0	1.06
2300	0	0	20	2	0	1.06
2400	0	0	20	2	0	1.06
2500	0	0	20	2	0	1.06
2600	0	0	20	2	0	1.06
2700	0	0	20	2	0	1.06
2800	0	0	20	2	0	1.06
2900	0	0	20	2	0	1.06
3000	0	0	20	2	0	1.06
3100	0	0	20	2	0	1.06
3200	0	0	20	2	0	1.06
3300	0	0	20	2	0	1.06
3400	0	0	20	2	0	1.06
3500	0	0	20	2	0	1.06
3600	0	0	20	2	0	1.06
3700	0	0	20	2	0	1.06
3800	0	0	20	2	0	1.06
3900	0	0	20	2	0	1.06
4000	0	0	20	2	0	1.06
4100	0	0	20	2	0	1.06
4200	0	0	20	2	0	1.06
4300	0	0	20	2	0	1.06
4400	0	0	20	2	0	1.06
4500	0	0	20	2	0	1.06
4600	0	0	20	2	0	1.06
4700	0	0	20	2	0	1.06
4800	0	0	20	2	0	1.06
4900	0	0	20	2	0	1.06
5000	0	0	20	2	0	1.06
5100	0	0	20	2	0	1.06
5200	0	0	20	2	0	1.06
5300	0	0	20	2	0	1.06
5400	0	0	20	2	0	1.06
5500	0	0	20	2	0	1.06
5600	0	0	20	2	0	1.06
5700	0	0	20	2	0	1.06
5800	0	0	20	2	0	1.06
5900	0	0	20	2	0	1.06
6000	0	0	20	2	0	1.06
6100	0	0	20	2	0	1.06
6200	0	0	20	2	0	1.06
6300	0	0	20	2	0	1.06
6400	0	0	20	2	0	1.06
6500	0	0	20	2	0	1.06
6600	0	0	20	2	0	1.06
6700	0	0	20	2	0	1.06
6800	0	0	20	2	0	1.06
6900	0	0	20	2	0	1.06
7000	0	0	20	2	0	1.06
7100	0	0	20	2	0	1.06
7200	0	0	20	2	0	1.06
7300	0	0	20	2	0	1.06
7400	0	0	20	2	0	1.06
7500	0	0	20	2	0	1.06
7600	0	0	20	2	0	1.06
7700	0	0	20	2	0	1.06
7800	0	0	20	2	0	1.06
7900	0	0	20	2	0	1.06
8000	0	0	20	2	0	1.06
8100	0	0	20	2	0	1.06
8200	0	0	20	2	0	1.06
8300	0	0	20	2	0	1.06
8400	0	0	20	2	0	1.06
8500	0	0	20	2	0	1.06
8600	0	0	20	2	0	1.06
8700	0	0	20	2	0	1.06
8800	0	0	20	2	0	1.06
8900	0	0	20	2	0	1.06
9000	0	0	20	2	0	1.06
9100	0	0	20	2	0	1.06
9200	0	0	20	2	0	1.06
9300	0	0	20	2	0	1.06
9400	0	0	20	2	0	1.06
9500	0	0	20	2	0	1.06
9600	0	0	20	2	0	1.06
9700	0	0	20	2	0	1.06
9800	0	0	20	2	0	1.06
9900	0	0	20	2	0	1.06
10000	0	0	20	2	0	1.06
10100	0	0	20	2	0	1.06
10200	0	0	20	2	0	1.06
10300	0	0	20	2	0	1.06
10400	0	0	20	2	0	1.06
10500	0	0	20	2	0	1.06
10600	0	0	20	2	0	1.06
10700	0	0	20	2	0	1.06
10800	0	0	20	2	0	1.06
10900	0	0	20	2	0	1.06
11000	0	0	20	2	0	1.06
11100	0	0	20	2	0	1.06
11200	0	0	20	2	0	1.06
11300	0	0	20	2	0	1.06
11400	0	0	20	2	0	1.06
11500	0	0	20	2	0	1.06
11600	0	0	20	2	0	1.06
11700	0	0	20	2	0	1.06
11800	0	0	20	2	0	1.06
11900	0	0	20	2	0	1.06
12000	0	0	20	2	0	1.06
12100	0	0	20	2	0	1.06
12200	0	0	20	2	0	1.06
12300	0	0	20	2	0	1.06
12400	0	0	20	2	0	1.06
12500	0	0	20	2	0	1.06
12600	0	0	20	2	0	1.06
12700	0	0	20	2	0	1.06
12800	0	0	20	2	0	1.06
12900	0	0	20	2	0	1.06
13000	0	0	20	2	0	1.06
13100	0	0	20	2	0	1.06
13200	0	0	20	2	0	1.06
13300	0	0	20	2	0	1.06
13400	0	0	20	2	0	1.06
13500	0	0	20	2	0	1.06
13600	0	0	20	2	0	1.06
13700	0	0	20	2	0	1.06
13800	0	0	20	2	0	1.06
13900	0	0	20	2	0	1.06
14000	0	0	20	2	0	1.06
14100	0	0	20	2	0	1.06
14200	0	0	20	2	0	1.06
14300	0	0	20	2	0	1.06
14400	0	0	20	2	0	1.06
14500	0	0	20	2	0	1.06
14600	0	0	20	2	0	1.06
14700	0	0	20	2	0	1.06
14800	0	0	20	2	0	1.06
14900	0	0	20	2	0	1.06
15000	0	0	20	2	0	1.06
15100	0	0	20	2	0	1.06
15200	0	0	20	2	0	1.06
15300	0	0	20	2	0	1.06
15400	0	0	20	2	0	1.06
15500	0	0	20	2	0	1.06
15600	0	0	20	2	0	1.06
15700	0	0	20	2	0	1.06
15800	0	0	20	2	0	1.06
15900	0	0	20	2	0	1.06
16000	0	0	20	2	0	1.06
16100	0	0	20	2	0	1.06
16200	0	0	20	2	0	1.06
16300	0	0	20	2	0	1.06
16400	0	0	20	2	0	1.06
16500	0	0	20	2	0	1.06
16600	0	0	20	2	0	1.06
