0 0
600 3.16666666666667e-06
1800 0
2400 0
3000 0
3600 0
4200 0
4800 0
6000 0
6600 0
7200 0
7800 0
8400 0
9000 0
9600 0
10200 0
10800 0
11400 0
12000 0
12600 0
13200 0
13800 3.33333333333333e-07
14400 3.33333333333333e-07
15000 3.33333333333333e-07
15600 1.33333333333333e-06
16200 6.66666666666667e-07
16800 1e-06
17400 3.33333333333333e-07
18000 3.33333333333333e-07
18600 6.66666666666667e-07
19200 6.66666666666667e-07
19800 6.66666666666667e-07
20400 6.66666666666667e-07
21000 6.66666666666667e-07
21600 3.33333333333333e-07
22200 3.33333333333333e-07
22800 3.33333333333333e-07
23400 3.33333333333333e-07
24000 3.33333333333333e-07
24600 1.66666666666667e-07
25800 0
26400 0
27000 0
27600 0
28200 3.33333333333333e-07
28800 0
29400 6.66666666666667e-07
30000 6.66666666666667e-07
30600 1e-06
31200 6.66666666666667e-07
31800 3.33333333333333e-07
32400 3.33333333333333e-07
33000 3.33333333333333e-07
33600 3.33333333333333e-07
34200 0
34800 0
35400 3.33333333333333e-07
36000 0
37200 6.66666666666667e-07
37800 3.33333333333333e-07
38400 3.33333333333333e-07
39000 3.33333333333333e-07
40200 1e-06
40800 6.66666666666667e-07
41400 1e-06
42000 1e-06
42600 6.66666666666667e-07
43200 1e-06
43800 1e-06
44400 6.66666666666667e-07
45000 3.33333333333333e-07
45600 3.33333333333333e-07
46200 0
46800 0
47400 1.11111111111111e-07
49200 3.33333333333333e-07
49800 0
50400 0
51000 0
51600 0
